# ImageMagick pixel enumeration: 800,600,255,rgb
0,0: 255,255,255
364,26:   0,  0,  0
404,26: 255,255,255
352,27:   0,  0,  0
416,27: 255,255,255
344,28:   0,  0,  0
424,28: 255,255,255
338,29:   0,  0,  0
430,29: 255,255,255
332,30:   0,  0,  0
436,30: 255,255,255
327,31:   0,  0,  0
441,31: 255,255,255
322,32:   0,  0,  0
446,32: 255,255,255
318,33:   0,  0,  0
450,33: 255,255,255
314,34:   0,  0,  0
454,34: 255,255,255
310,35:   0,  0,  0
458,35: 255,255,255
307,36:   0,  0,  0
461,36: 255,255,255
304,37:   0,  0,  0
464,37: 255,255,255
300,38:   0,  0,  0
468,38: 255,255,255
297,39:   0,  0,  0
471,39: 255,255,255
294,40:   0,  0,  0
474,40: 255,255,255
292,41:   0,  0,  0
476,41: 255,255,255
289,42:   0,  0,  0
479,42: 255,255,255
286,43:   0,  0,  0
482,43: 255,255,255
283,44:   0,  0,  0
485,44: 255,255,255
281,45:   0,  0,  0
487,45: 255,255,255
278,46:   0,  0,  0
490,46: 255,255,255
276,47:   0,  0,  0
492,47: 255,255,255
274,48:   0,  0,  0
494,48: 255,255,255
271,49:   0,  0,  0
497,49: 255,255,255
269,50:   0,  0,  0
499,50: 255,255,255
267,51:   0,  0,  0
501,51: 255,255,255
265,52:   0,  0,  0
503,52: 255,255,255
263,53:   0,  0,  0
505,53: 255,255,255
261,54:   0,  0,  0
507,54: 255,255,255
259,55:   0,  0,  0
509,55: 255,255,255
257,56:   0,  0,  0
511,56: 255,255,255
255,57:   0,  0,  0
373,57: 255,255,255
395,57:   0,  0,  0
513,57: 255,255,255
253,58:   0,  0,  0
361,58: 255,255,255
407,58:   0,  0,  0
515,58: 255,255,255
252,59:   0,  0,  0
353,59: 255,255,255
415,59:   0,  0,  0
516,59: 255,255,255
250,60:   0,  0,  0
347,60: 255,255,255
421,60:   0,  0,  0
518,60: 255,255,255
248,61:   0,  0,  0
341,61: 255,255,255
427,61:   0,  0,  0
520,61: 255,255,255
246,62:   0,  0,  0
336,62: 255,255,255
432,62:   0,  0,  0
522,62: 255,255,255
245,63:   0,  0,  0
331,63: 255,255,255
437,63:   0,  0,  0
523,63: 255,255,255
243,64:   0,  0,  0
327,64: 255,255,255
441,64:   0,  0,  0
525,64: 255,255,255
241,65:   0,  0,  0
323,65: 255,255,255
445,65:   0,  0,  0
527,65: 255,255,255
240,66:   0,  0,  0
319,66: 255,255,255
449,66:   0,  0,  0
528,66: 255,255,255
238,67:   0,  0,  0
316,67: 255,255,255
452,67:   0,  0,  0
530,67: 255,255,255
237,68:   0,  0,  0
313,68: 255,255,255
455,68:   0,  0,  0
531,68: 255,255,255
235,69:   0,  0,  0
309,69: 255,255,255
459,69:   0,  0,  0
533,69: 255,255,255
234,70:   0,  0,  0
307,70: 255,255,255
461,70:   0,  0,  0
534,70: 255,255,255
232,71:   0,  0,  0
304,71: 255,255,255
464,71:   0,  0,  0
536,71: 255,255,255
231,72:   0,  0,  0
301,72: 255,255,255
467,72:   0,  0,  0
537,72: 255,255,255
229,73:   0,  0,  0
298,73: 255,255,255
470,73:   0,  0,  0
539,73: 255,255,255
228,74:   0,  0,  0
296,74: 255,255,255
472,74:   0,  0,  0
540,74: 255,255,255
226,75:   0,  0,  0
293,75: 255,255,255
475,75:   0,  0,  0
542,75: 255,255,255
225,76:   0,  0,  0
291,76: 255,255,255
477,76:   0,  0,  0
543,76: 255,255,255
223,77:   0,  0,  0
289,77: 255,255,255
479,77:   0,  0,  0
545,77: 255,255,255
222,78:   0,  0,  0
286,78: 255,255,255
482,78:   0,  0,  0
546,78: 255,255,255
221,79:   0,  0,  0
284,79: 255,255,255
484,79:   0,  0,  0
547,79: 255,255,255
219,80:   0,  0,  0
282,80: 255,255,255
486,80:   0,  0,  0
549,80: 255,255,255
218,81:   0,  0,  0
280,81: 255,255,255
488,81:   0,  0,  0
550,81: 255,255,255
217,82:   0,  0,  0
278,82: 255,255,255
490,82:   0,  0,  0
551,82: 255,255,255
216,83:   0,  0,  0
276,83: 255,255,255
492,83:   0,  0,  0
552,83: 255,255,255
214,84:   0,  0,  0
274,84: 255,255,255
494,84:   0,  0,  0
554,84: 255,255,255
213,85:   0,  0,  0
272,85: 255,255,255
496,85:   0,  0,  0
555,85: 255,255,255
212,86:   0,  0,  0
270,86: 255,255,255
498,86:   0,  0,  0
556,86: 255,255,255
211,87:   0,  0,  0
268,87: 255,255,255
500,87:   0,  0,  0
557,87: 255,255,255
209,88:   0,  0,  0
267,88: 255,255,255
501,88:   0,  0,  0
559,88: 255,255,255
208,89:   0,  0,  0
265,89: 255,255,255
503,89:   0,  0,  0
560,89: 255,255,255
207,90:   0,  0,  0
263,90: 255,255,255
505,90:   0,  0,  0
561,90: 255,255,255
206,91:   0,  0,  0
261,91: 255,255,255
507,91:   0,  0,  0
562,91: 255,255,255
205,92:   0,  0,  0
260,92: 255,255,255
508,92:   0,  0,  0
563,92: 255,255,255
204,93:   0,  0,  0
258,93: 255,255,255
510,93:   0,  0,  0
564,93: 255,255,255
203,94:   0,  0,  0
256,94: 255,255,255
512,94:   0,  0,  0
565,94: 255,255,255
201,95:   0,  0,  0
255,95: 255,255,255
513,95:   0,  0,  0
567,95: 255,255,255
200,96:   0,  0,  0
253,96: 255,255,255
515,96:   0,  0,  0
568,96: 255,255,255
199,97:   0,  0,  0
252,97: 255,255,255
516,97:   0,  0,  0
569,97: 255,255,255
198,98:   0,  0,  0
250,98: 255,255,255
518,98:   0,  0,  0
570,98: 255,255,255
197,99:   0,  0,  0
249,99: 255,255,255
519,99:   0,  0,  0
571,99: 255,255,255
196,100:   0,  0,  0
247,100: 255,255,255
521,100:   0,  0,  0
572,100: 255,255,255
195,101:   0,  0,  0
246,101: 255,255,255
522,101:   0,  0,  0
573,101: 255,255,255
194,102:   0,  0,  0
244,102: 255,255,255
524,102:   0,  0,  0
574,102: 255,255,255
193,103:   0,  0,  0
243,103: 255,255,255
525,103:   0,  0,  0
575,103: 255,255,255
192,104:   0,  0,  0
242,104: 255,255,255
526,104:   0,  0,  0
576,104: 255,255,255
191,105:   0,  0,  0
240,105: 255,255,255
528,105:   0,  0,  0
577,105: 255,255,255
190,106:   0,  0,  0
239,106: 255,255,255
529,106:   0,  0,  0
578,106: 255,255,255
189,107:   0,  0,  0
238,107: 255,255,255
530,107:   0,  0,  0
579,107: 255,255,255
188,108:   0,  0,  0
237,108: 255,255,255
531,108:   0,  0,  0
580,108: 255,255,255
187,109:   0,  0,  0
235,109: 255,255,255
533,109:   0,  0,  0
581,109: 255,255,255
186,110:   0,  0,  0
234,110: 255,255,255
534,110:   0,  0,  0
582,110: 255,255,255
185,111:   0,  0,  0
233,111: 255,255,255
535,111:   0,  0,  0
583,111: 255,255,255
184,112:   0,  0,  0
232,112: 255,255,255
536,112:   0,  0,  0
584,112: 255,255,255
184,113:   0,  0,  0
230,113: 255,255,255
538,113:   0,  0,  0
584,113: 255,255,255
183,114:   0,  0,  0
229,114: 255,255,255
539,114:   0,  0,  0
585,114: 255,255,255
182,115:   0,  0,  0
228,115: 255,255,255
540,115:   0,  0,  0
586,115: 255,255,255
181,116:   0,  0,  0
227,116: 255,255,255
541,116:   0,  0,  0
587,116: 255,255,255
180,117:   0,  0,  0
226,117: 255,255,255
542,117:   0,  0,  0
588,117: 255,255,255
179,118:   0,  0,  0
225,118: 255,255,255
543,118:   0,  0,  0
589,118: 255,255,255
178,119:   0,  0,  0
224,119: 255,255,255
544,119:   0,  0,  0
590,119: 255,255,255
177,120:   0,  0,  0
222,120: 255,255,255
546,120:   0,  0,  0
591,120: 255,255,255
177,121:   0,  0,  0
221,121: 255,255,255
547,121:   0,  0,  0
591,121: 255,255,255
176,122:   0,  0,  0
220,122: 255,255,255
548,122:   0,  0,  0
592,122: 255,255,255
175,123:   0,  0,  0
219,123: 255,255,255
549,123:   0,  0,  0
593,123: 255,255,255
174,124:   0,  0,  0
218,124: 255,255,255
550,124:   0,  0,  0
594,124: 255,255,255
173,125:   0,  0,  0
217,125: 255,255,255
551,125:   0,  0,  0
595,125: 255,255,255
173,126:   0,  0,  0
216,126: 255,255,255
552,126:   0,  0,  0
595,126: 255,255,255
172,127:   0,  0,  0
215,127: 255,255,255
553,127:   0,  0,  0
596,127: 255,255,255
171,128:   0,  0,  0
214,128: 255,255,255
554,128:   0,  0,  0
597,128: 255,255,255
170,129:   0,  0,  0
213,129: 255,255,255
555,129:   0,  0,  0
598,129: 255,255,255
169,130:   0,  0,  0
212,130: 255,255,255
556,130:   0,  0,  0
599,130: 255,255,255
169,131:   0,  0,  0
211,131: 255,255,255
557,131:   0,  0,  0
599,131: 255,255,255
168,132:   0,  0,  0
210,132: 255,255,255
558,132:   0,  0,  0
600,132: 255,255,255
167,133:   0,  0,  0
209,133: 255,255,255
559,133:   0,  0,  0
601,133: 255,255,255
167,134:   0,  0,  0
209,134: 255,255,255
559,134:   0,  0,  0
601,134: 255,255,255
166,135:   0,  0,  0
208,135: 255,255,255
560,135:   0,  0,  0
602,135: 255,255,255
165,136:   0,  0,  0
207,136: 255,255,255
561,136:   0,  0,  0
603,136: 255,255,255
164,137:   0,  0,  0
206,137: 255,255,255
562,137:   0,  0,  0
604,137: 255,255,255
164,138:   0,  0,  0
205,138: 255,255,255
563,138:   0,  0,  0
604,138: 255,255,255
163,139:   0,  0,  0
204,139: 255,255,255
564,139:   0,  0,  0
605,139: 255,255,255
162,140:   0,  0,  0
203,140: 255,255,255
565,140:   0,  0,  0
606,140: 255,255,255
162,141:   0,  0,  0
202,141: 255,255,255
566,141:   0,  0,  0
606,141: 255,255,255
161,142:   0,  0,  0
202,142: 255,255,255
566,142:   0,  0,  0
607,142: 255,255,255
160,143:   0,  0,  0
201,143: 255,255,255
567,143:   0,  0,  0
608,143: 255,255,255
160,144:   0,  0,  0
200,144: 255,255,255
568,144:   0,  0,  0
608,144: 255,255,255
159,145:   0,  0,  0
199,145: 255,255,255
569,145:   0,  0,  0
609,145: 255,255,255
158,146:   0,  0,  0
198,146: 255,255,255
570,146:   0,  0,  0
610,146: 255,255,255
158,147:   0,  0,  0
198,147: 255,255,255
570,147:   0,  0,  0
610,147: 255,255,255
157,148:   0,  0,  0
197,148: 255,255,255
571,148:   0,  0,  0
611,148: 255,255,255
156,149:   0,  0,  0
196,149: 255,255,255
572,149:   0,  0,  0
612,149: 255,255,255
156,150:   0,  0,  0
195,150: 255,255,255
573,150:   0,  0,  0
612,150: 255,255,255
155,151:   0,  0,  0
194,151: 255,255,255
574,151:   0,  0,  0
613,151: 255,255,255
155,152:   0,  0,  0
194,152: 255,255,255
574,152:   0,  0,  0
613,152: 255,255,255
154,153:   0,  0,  0
193,153: 255,255,255
575,153:   0,  0,  0
614,153: 255,255,255
153,154:   0,  0,  0
192,154: 255,255,255
576,154:   0,  0,  0
615,154: 255,255,255
153,155:   0,  0,  0
192,155: 255,255,255
576,155:   0,  0,  0
615,155: 255,255,255
152,156:   0,  0,  0
191,156: 255,255,255
577,156:   0,  0,  0
616,156: 255,255,255
152,157:   0,  0,  0
190,157: 255,255,255
578,157:   0,  0,  0
616,157: 255,255,255
151,158:   0,  0,  0
189,158: 255,255,255
579,158:   0,  0,  0
617,158: 255,255,255
150,159:   0,  0,  0
189,159: 255,255,255
579,159:   0,  0,  0
618,159: 255,255,255
150,160:   0,  0,  0
188,160: 255,255,255
580,160:   0,  0,  0
618,160: 255,255,255
149,161:   0,  0,  0
187,161: 255,255,255
581,161:   0,  0,  0
619,161: 255,255,255
149,162:   0,  0,  0
187,162: 255,255,255
581,162:   0,  0,  0
619,162: 255,255,255
148,163:   0,  0,  0
186,163: 255,255,255
582,163:   0,  0,  0
620,163: 255,255,255
148,164:   0,  0,  0
185,164: 255,255,255
583,164:   0,  0,  0
620,164: 255,255,255
147,165:   0,  0,  0
185,165: 255,255,255
583,165:   0,  0,  0
621,165: 255,255,255
147,166:   0,  0,  0
184,166: 255,255,255
584,166:   0,  0,  0
621,166: 255,255,255
146,167:   0,  0,  0
184,167: 255,255,255
584,167:   0,  0,  0
622,167: 255,255,255
146,168:   0,  0,  0
183,168: 255,255,255
585,168:   0,  0,  0
622,168: 255,255,255
145,169:   0,  0,  0
182,169: 255,255,255
586,169:   0,  0,  0
623,169: 255,255,255
145,170:   0,  0,  0
182,170: 255,255,255
586,170:   0,  0,  0
623,170: 255,255,255
144,171:   0,  0,  0
181,171: 255,255,255
587,171:   0,  0,  0
624,171: 255,255,255
144,172:   0,  0,  0
181,172: 255,255,255
587,172:   0,  0,  0
624,172: 255,255,255
143,173:   0,  0,  0
180,173: 255,255,255
588,173:   0,  0,  0
625,173: 255,255,255
143,174:   0,  0,  0
179,174: 255,255,255
589,174:   0,  0,  0
625,174: 255,255,255
142,175:   0,  0,  0
179,175: 255,255,255
589,175:   0,  0,  0
626,175: 255,255,255
142,176:   0,  0,  0
178,176: 255,255,255
590,176:   0,  0,  0
626,176: 255,255,255
141,177:   0,  0,  0
178,177: 255,255,255
590,177:   0,  0,  0
627,177: 255,255,255
141,178:   0,  0,  0
177,178: 255,255,255
591,178:   0,  0,  0
627,178: 255,255,255
140,179:   0,  0,  0
177,179: 255,255,255
591,179:   0,  0,  0
628,179: 255,255,255
140,180:   0,  0,  0
176,180: 255,255,255
592,180:   0,  0,  0
628,180: 255,255,255
139,181:   0,  0,  0
176,181: 255,255,255
592,181:   0,  0,  0
629,181: 255,255,255
139,182:   0,  0,  0
175,182: 255,255,255
593,182:   0,  0,  0
629,182: 255,255,255
139,183:   0,  0,  0
175,183: 255,255,255
593,183:   0,  0,  0
629,183: 255,255,255
138,184:   0,  0,  0
174,184: 255,255,255
594,184:   0,  0,  0
630,184: 255,255,255
138,185:   0,  0,  0
174,185: 255,255,255
594,185:   0,  0,  0
630,185: 255,255,255
137,186:   0,  0,  0
173,186: 255,255,255
595,186:   0,  0,  0
631,186: 255,255,255
137,187:   0,  0,  0
173,187: 255,255,255
595,187:   0,  0,  0
631,187: 255,255,255
137,188:   0,  0,  0
172,188: 255,255,255
596,188:   0,  0,  0
631,188: 255,255,255
136,189:   0,  0,  0
172,189: 255,255,255
596,189:   0,  0,  0
632,189: 255,255,255
136,190:   0,  0,  0
171,190: 255,255,255
597,190:   0,  0,  0
632,190: 255,255,255
135,191:   0,  0,  0
171,191: 255,255,255
597,191:   0,  0,  0
633,191: 255,255,255
135,192:   0,  0,  0
170,192: 255,255,255
598,192:   0,  0,  0
633,192: 255,255,255
135,193:   0,  0,  0
170,193: 255,255,255
598,193:   0,  0,  0
633,193: 255,255,255
134,194:   0,  0,  0
169,194: 255,255,255
599,194:   0,  0,  0
634,194: 255,255,255
134,195:   0,  0,  0
169,195: 255,255,255
599,195:   0,  0,  0
634,195: 255,255,255
134,196:   0,  0,  0
168,196: 255,255,255
600,196:   0,  0,  0
634,196: 255,255,255
133,197:   0,  0,  0
168,197: 255,255,255
600,197:   0,  0,  0
635,197: 255,255,255
133,198:   0,  0,  0
168,198: 255,255,255
600,198:   0,  0,  0
635,198: 255,255,255
132,199:   0,  0,  0
167,199: 255,255,255
601,199:   0,  0,  0
636,199: 255,255,255
132,200:   0,  0,  0
167,200: 255,255,255
601,200:   0,  0,  0
636,200: 255,255,255
132,201:   0,  0,  0
166,201: 255,255,255
602,201:   0,  0,  0
636,201: 255,255,255
131,202:   0,  0,  0
166,202: 255,255,255
602,202:   0,  0,  0
637,202: 255,255,255
131,203:   0,  0,  0
166,203: 255,255,255
602,203:   0,  0,  0
637,203: 255,255,255
131,204:   0,  0,  0
165,204: 255,255,255
603,204:   0,  0,  0
637,204: 255,255,255
130,205:   0,  0,  0
165,205: 255,255,255
603,205:   0,  0,  0
638,205: 255,255,255
130,206:   0,  0,  0
164,206: 255,255,255
604,206:   0,  0,  0
638,206: 255,255,255
130,207:   0,  0,  0
164,207: 255,255,255
604,207:   0,  0,  0
638,207: 255,255,255
130,208:   0,  0,  0
164,208: 255,255,255
604,208:   0,  0,  0
638,208: 255,255,255
129,209:   0,  0,  0
163,209: 255,255,255
605,209:   0,  0,  0
639,209: 255,255,255
129,210:   0,  0,  0
163,210: 255,255,255
605,210:   0,  0,  0
639,210: 255,255,255
129,211:   0,  0,  0
163,211: 255,255,255
605,211:   0,  0,  0
639,211: 255,255,255
128,212:   0,  0,  0
162,212: 255,255,255
606,212:   0,  0,  0
640,212: 255,255,255
128,213:   0,  0,  0
162,213: 255,255,255
606,213:   0,  0,  0
640,213: 255,255,255
128,214:   0,  0,  0
161,214: 255,255,255
607,214:   0,  0,  0
640,214: 255,255,255
127,215:   0,  0,  0
161,215: 255,255,255
607,215:   0,  0,  0
641,215: 255,255,255
127,216:   0,  0,  0
161,216: 255,255,255
607,216:   0,  0,  0
641,216: 255,255,255
127,217:   0,  0,  0
161,217: 255,255,255
607,217:   0,  0,  0
641,217: 255,255,255
127,218:   0,  0,  0
160,218: 255,255,255
608,218:   0,  0,  0
641,218: 255,255,255
126,219:   0,  0,  0
160,219: 255,255,255
608,219:   0,  0,  0
642,219: 255,255,255
126,220:   0,  0,  0
160,220: 255,255,255
608,220:   0,  0,  0
642,220: 255,255,255
126,221:   0,  0,  0
159,221: 255,255,255
609,221:   0,  0,  0
642,221: 255,255,255
126,222:   0,  0,  0
159,222: 255,255,255
609,222:   0,  0,  0
642,222: 255,255,255
125,223:   0,  0,  0
159,223: 255,255,255
609,223:   0,  0,  0
643,223: 255,255,255
125,224:   0,  0,  0
158,224: 255,255,255
610,224:   0,  0,  0
643,224: 255,255,255
125,225:   0,  0,  0
158,225: 255,255,255
610,225:   0,  0,  0
643,225: 255,255,255
125,226:   0,  0,  0
158,226: 255,255,255
610,226:   0,  0,  0
643,226: 255,255,255
124,227:   0,  0,  0
158,227: 255,255,255
610,227:   0,  0,  0
644,227: 255,255,255
124,228:   0,  0,  0
157,228: 255,255,255
611,228:   0,  0,  0
644,228: 255,255,255
124,229:   0,  0,  0
157,229: 255,255,255
611,229:   0,  0,  0
644,229: 255,255,255
124,230:   0,  0,  0
157,230: 255,255,255
611,230:   0,  0,  0
644,230: 255,255,255
124,231:   0,  0,  0
157,231: 255,255,255
611,231:   0,  0,  0
644,231: 255,255,255
123,232:   0,  0,  0
156,232: 255,255,255
612,232:   0,  0,  0
645,232: 255,255,255
123,233:   0,  0,  0
156,233: 255,255,255
612,233:   0,  0,  0
645,233: 255,255,255
123,234:   0,  0,  0
156,234: 255,255,255
612,234:   0,  0,  0
645,234: 255,255,255
123,235:   0,  0,  0
156,235: 255,255,255
612,235:   0,  0,  0
645,235: 255,255,255
123,236:   0,  0,  0
155,236: 255,255,255
613,236:   0,  0,  0
645,236: 255,255,255
122,237:   0,  0,  0
155,237: 255,255,255
613,237:   0,  0,  0
646,237: 255,255,255
122,238:   0,  0,  0
155,238: 255,255,255
613,238:   0,  0,  0
646,238: 255,255,255
122,239:   0,  0,  0
155,239: 255,255,255
613,239:   0,  0,  0
646,239: 255,255,255
122,240:   0,  0,  0
155,240: 255,255,255
613,240:   0,  0,  0
646,240: 255,255,255
122,241:   0,  0,  0
154,241: 255,255,255
614,241:   0,  0,  0
646,241: 255,255,255
122,242:   0,  0,  0
154,242: 255,255,255
614,242:   0,  0,  0
646,242: 255,255,255
122,243:   0,  0,  0
154,243: 255,255,255
614,243:   0,  0,  0
646,243: 255,255,255
121,244:   0,  0,  0
154,244: 255,255,255
614,244:   0,  0,  0
647,244: 255,255,255
121,245:   0,  0,  0
154,245: 255,255,255
614,245:   0,  0,  0
647,245: 255,255,255
121,246:   0,  0,  0
153,246: 255,255,255
615,246:   0,  0,  0
647,246: 255,255,255
121,247:   0,  0,  0
153,247: 255,255,255
615,247:   0,  0,  0
647,247: 255,255,255
121,248:   0,  0,  0
153,248: 255,255,255
615,248:   0,  0,  0
647,248: 255,255,255
121,249:   0,  0,  0
153,249: 255,255,255
615,249:   0,  0,  0
647,249: 255,255,255
121,250:   0,  0,  0
153,250: 255,255,255
615,250:   0,  0,  0
647,250: 255,255,255
120,251:   0,  0,  0
153,251: 255,255,255
615,251:   0,  0,  0
648,251: 255,255,255
120,252:   0,  0,  0
153,252: 255,255,255
615,252:   0,  0,  0
648,252: 255,255,255
120,253:   0,  0,  0
152,253: 255,255,255
616,253:   0,  0,  0
648,253: 255,255,255
120,254:   0,  0,  0
152,254: 255,255,255
616,254:   0,  0,  0
648,254: 255,255,255
120,255:   0,  0,  0
152,255: 255,255,255
616,255:   0,  0,  0
648,255: 255,255,255
120,256:   0,  0,  0
152,256: 255,255,255
616,256:   0,  0,  0
648,256: 255,255,255
120,257:   0,  0,  0
152,257: 255,255,255
616,257:   0,  0,  0
648,257: 255,255,255
120,258:   0,  0,  0
152,258: 255,255,255
616,258:   0,  0,  0
648,258: 255,255,255
120,259:   0,  0,  0
152,259: 255,255,255
616,259:   0,  0,  0
648,259: 255,255,255
120,260:   0,  0,  0
151,260: 255,255,255
617,260:   0,  0,  0
648,260: 255,255,255
120,261:   0,  0,  0
151,261: 255,255,255
617,261:   0,  0,  0
648,261: 255,255,255
119,262:   0,  0,  0
151,262: 255,255,255
617,262:   0,  0,  0
649,262: 255,255,255
119,263:   0,  0,  0
151,263: 255,255,255
617,263:   0,  0,  0
649,263: 255,255,255
119,264:   0,  0,  0
151,264: 255,255,255
617,264:   0,  0,  0
649,264: 255,255,255
119,265:   0,  0,  0
151,265: 255,255,255
617,265:   0,  0,  0
649,265: 255,255,255
119,266:   0,  0,  0
151,266: 255,255,255
617,266:   0,  0,  0
649,266: 255,255,255
119,267:   0,  0,  0
151,267: 255,255,255
617,267:   0,  0,  0
649,267: 255,255,255
119,268:   0,  0,  0
151,268: 255,255,255
617,268:   0,  0,  0
649,268: 255,255,255
119,269:   0,  0,  0
151,269: 255,255,255
617,269:   0,  0,  0
649,269: 255,255,255
119,270:   0,  0,  0
151,270: 255,255,255
617,270:   0,  0,  0
649,270: 255,255,255
119,271:   0,  0,  0
150,271: 255,255,255
618,271:   0,  0,  0
649,271: 255,255,255
119,272:   0,  0,  0
150,272: 255,255,255
618,272:   0,  0,  0
649,272: 255,255,255
119,273:   0,  0,  0
150,273: 255,255,255
618,273:   0,  0,  0
649,273: 255,255,255
119,274:   0,  0,  0
150,274: 255,255,255
618,274:   0,  0,  0
649,274: 255,255,255
119,275:   0,  0,  0
150,275: 255,255,255
618,275:   0,  0,  0
649,275: 255,255,255
119,276:   0,  0,  0
150,276: 255,255,255
618,276:   0,  0,  0
649,276: 255,255,255
119,277:   0,  0,  0
150,277: 255,255,255
618,277:   0,  0,  0
649,277: 255,255,255
119,278:   0,  0,  0
150,278: 255,255,255
618,278:   0,  0,  0
649,278: 255,255,255
119,279:   0,  0,  0
150,279: 255,255,255
618,279:   0,  0,  0
649,279: 255,255,255
119,280:   0,  0,  0
150,280: 255,255,255
618,280:   0,  0,  0
649,280: 255,255,255
119,281:   0,  0,  0
150,281: 255,255,255
618,281:   0,  0,  0
649,281: 255,255,255
119,282:   0,  0,  0
150,282: 255,255,255
618,282:   0,  0,  0
649,282: 255,255,255
119,283:   0,  0,  0
150,283: 255,255,255
618,283:   0,  0,  0
649,283: 255,255,255
119,284:   0,  0,  0
150,284: 255,255,255
618,284:   0,  0,  0
649,284: 255,255,255
119,285:   0,  0,  0
150,285: 255,255,255
618,285:   0,  0,  0
649,285: 255,255,255
119,286:   0,  0,  0
150,286: 255,255,255
618,286:   0,  0,  0
649,286: 255,255,255
119,287:   0,  0,  0
150,287: 255,255,255
618,287:   0,  0,  0
649,287: 255,255,255
119,288:   0,  0,  0
150,288: 255,255,255
618,288:   0,  0,  0
649,288: 255,255,255
119,289:   0,  0,  0
150,289: 255,255,255
618,289:   0,  0,  0
649,289: 255,255,255
119,290:   0,  0,  0
150,290: 255,255,255
618,290:   0,  0,  0
649,290: 255,255,255
119,291:   0,  0,  0
150,291: 255,255,255
618,291:   0,  0,  0
649,291: 255,255,255
119,292:   0,  0,  0
151,292: 255,255,255
617,292:   0,  0,  0
649,292: 255,255,255
119,293:   0,  0,  0
151,293: 255,255,255
617,293:   0,  0,  0
649,293: 255,255,255
119,294:   0,  0,  0
151,294: 255,255,255
617,294:   0,  0,  0
649,294: 255,255,255
119,295:   0,  0,  0
151,295: 255,255,255
617,295:   0,  0,  0
649,295: 255,255,255
119,296:   0,  0,  0
151,296: 255,255,255
617,296:   0,  0,  0
649,296: 255,255,255
119,297:   0,  0,  0
151,297: 255,255,255
617,297:   0,  0,  0
649,297: 255,255,255
119,298:   0,  0,  0
151,298: 255,255,255
617,298:   0,  0,  0
649,298: 255,255,255
119,299:   0,  0,  0
151,299: 255,255,255
617,299:   0,  0,  0
649,299: 255,255,255
119,300:   0,  0,  0
151,300: 255,255,255
617,300:   0,  0,  0
649,300: 255,255,255
120,301:   0,  0,  0
151,301: 255,255,255
617,301:   0,  0,  0
648,301: 255,255,255
120,302:   0,  0,  0
151,302: 255,255,255
617,302:   0,  0,  0
648,302: 255,255,255
120,303:   0,  0,  0
152,303: 255,255,255
616,303:   0,  0,  0
648,303: 255,255,255
120,304:   0,  0,  0
152,304: 255,255,255
616,304:   0,  0,  0
648,304: 255,255,255
120,305:   0,  0,  0
152,305: 255,255,255
616,305:   0,  0,  0
648,305: 255,255,255
120,306:   0,  0,  0
152,306: 255,255,255
616,306:   0,  0,  0
648,306: 255,255,255
120,307:   0,  0,  0
152,307: 255,255,255
616,307:   0,  0,  0
648,307: 255,255,255
120,308:   0,  0,  0
152,308: 255,255,255
616,308:   0,  0,  0
648,308: 255,255,255
120,309:   0,  0,  0
152,309: 255,255,255
616,309:   0,  0,  0
648,309: 255,255,255
120,310:   0,  0,  0
153,310: 255,255,255
615,310:   0,  0,  0
648,310: 255,255,255
120,311:   0,  0,  0
153,311: 255,255,255
615,311:   0,  0,  0
648,311: 255,255,255
121,312:   0,  0,  0
153,312: 255,255,255
615,312:   0,  0,  0
647,312: 255,255,255
121,313:   0,  0,  0
153,313: 255,255,255
615,313:   0,  0,  0
647,313: 255,255,255
121,314:   0,  0,  0
153,314: 255,255,255
615,314:   0,  0,  0
647,314: 255,255,255
121,315:   0,  0,  0
153,315: 255,255,255
615,315:   0,  0,  0
647,315: 255,255,255
121,316:   0,  0,  0
153,316: 255,255,255
615,316:   0,  0,  0
647,316: 255,255,255
121,317:   0,  0,  0
154,317: 255,255,255
614,317:   0,  0,  0
647,317: 255,255,255
121,318:   0,  0,  0
154,318: 255,255,255
614,318:   0,  0,  0
647,318: 255,255,255
122,319:   0,  0,  0
154,319: 255,255,255
614,319:   0,  0,  0
646,319: 255,255,255
122,320:   0,  0,  0
154,320: 255,255,255
614,320:   0,  0,  0
646,320: 255,255,255
122,321:   0,  0,  0
154,321: 255,255,255
614,321:   0,  0,  0
646,321: 255,255,255
122,322:   0,  0,  0
155,322: 255,255,255
613,322:   0,  0,  0
646,322: 255,255,255
122,323:   0,  0,  0
155,323: 255,255,255
613,323:   0,  0,  0
646,323: 255,255,255
122,324:   0,  0,  0
155,324: 255,255,255
613,324:   0,  0,  0
646,324: 255,255,255
122,325:   0,  0,  0
155,325: 255,255,255
613,325:   0,  0,  0
646,325: 255,255,255
123,326:   0,  0,  0
155,326: 255,255,255
613,326:   0,  0,  0
645,326: 255,255,255
123,327:   0,  0,  0
156,327: 255,255,255
612,327:   0,  0,  0
645,327: 255,255,255
123,328:   0,  0,  0
156,328: 255,255,255
612,328:   0,  0,  0
645,328: 255,255,255
123,329:   0,  0,  0
156,329: 255,255,255
612,329:   0,  0,  0
645,329: 255,255,255
123,330:   0,  0,  0
156,330: 255,255,255
612,330:   0,  0,  0
645,330: 255,255,255
124,331:   0,  0,  0
157,331: 255,255,255
611,331:   0,  0,  0
644,331: 255,255,255
124,332:   0,  0,  0
157,332: 255,255,255
611,332:   0,  0,  0
644,332: 255,255,255
124,333:   0,  0,  0
157,333: 255,255,255
611,333:   0,  0,  0
644,333: 255,255,255
124,334:   0,  0,  0
157,334: 255,255,255
611,334:   0,  0,  0
644,334: 255,255,255
124,335:   0,  0,  0
158,335: 255,255,255
610,335:   0,  0,  0
644,335: 255,255,255
125,336:   0,  0,  0
158,336: 255,255,255
610,336:   0,  0,  0
643,336: 255,255,255
125,337:   0,  0,  0
158,337: 255,255,255
610,337:   0,  0,  0
643,337: 255,255,255
125,338:   0,  0,  0
158,338: 255,255,255
610,338:   0,  0,  0
643,338: 255,255,255
125,339:   0,  0,  0
159,339: 255,255,255
609,339:   0,  0,  0
643,339: 255,255,255
126,340:   0,  0,  0
159,340: 255,255,255
609,340:   0,  0,  0
642,340: 255,255,255
126,341:   0,  0,  0
159,341: 255,255,255
609,341:   0,  0,  0
642,341: 255,255,255
126,342:   0,  0,  0
160,342: 255,255,255
608,342:   0,  0,  0
642,342: 255,255,255
126,343:   0,  0,  0
160,343: 255,255,255
608,343:   0,  0,  0
642,343: 255,255,255
127,344:   0,  0,  0
160,344: 255,255,255
608,344:   0,  0,  0
641,344: 255,255,255
127,345:   0,  0,  0
161,345: 255,255,255
607,345:   0,  0,  0
641,345: 255,255,255
127,346:   0,  0,  0
161,346: 255,255,255
607,346:   0,  0,  0
641,346: 255,255,255
127,347:   0,  0,  0
161,347: 255,255,255
607,347:   0,  0,  0
641,347: 255,255,255
128,348:   0,  0,  0
161,348: 255,255,255
607,348:   0,  0,  0
640,348: 255,255,255
128,349:   0,  0,  0
162,349: 255,255,255
606,349:   0,  0,  0
640,349: 255,255,255
128,350:   0,  0,  0
162,350: 255,255,255
606,350:   0,  0,  0
640,350: 255,255,255
129,351:   0,  0,  0
163,351: 255,255,255
605,351:   0,  0,  0
639,351: 255,255,255
129,352:   0,  0,  0
163,352: 255,255,255
605,352:   0,  0,  0
639,352: 255,255,255
129,353:   0,  0,  0
163,353: 255,255,255
605,353:   0,  0,  0
639,353: 255,255,255
130,354:   0,  0,  0
164,354: 255,255,255
604,354:   0,  0,  0
638,354: 255,255,255
130,355:   0,  0,  0
164,355: 255,255,255
604,355:   0,  0,  0
638,355: 255,255,255
130,356:   0,  0,  0
164,356: 255,255,255
604,356:   0,  0,  0
638,356: 255,255,255
130,357:   0,  0,  0
165,357: 255,255,255
603,357:   0,  0,  0
638,357: 255,255,255
131,358:   0,  0,  0
165,358: 255,255,255
603,358:   0,  0,  0
637,358: 255,255,255
131,359:   0,  0,  0
166,359: 255,255,255
602,359:   0,  0,  0
637,359: 255,255,255
131,360:   0,  0,  0
166,360: 255,255,255
602,360:   0,  0,  0
637,360: 255,255,255
132,361:   0,  0,  0
166,361: 255,255,255
602,361:   0,  0,  0
636,361: 255,255,255
132,362:   0,  0,  0
167,362: 255,255,255
601,362:   0,  0,  0
636,362: 255,255,255
132,363:   0,  0,  0
167,363: 255,255,255
601,363:   0,  0,  0
636,363: 255,255,255
133,364:   0,  0,  0
168,364: 255,255,255
600,364:   0,  0,  0
635,364: 255,255,255
133,365:   0,  0,  0
168,365: 255,255,255
600,365:   0,  0,  0
635,365: 255,255,255
134,366:   0,  0,  0
168,366: 255,255,255
600,366:   0,  0,  0
634,366: 255,255,255
134,367:   0,  0,  0
169,367: 255,255,255
599,367:   0,  0,  0
634,367: 255,255,255
134,368:   0,  0,  0
169,368: 255,255,255
599,368:   0,  0,  0
634,368: 255,255,255
135,369:   0,  0,  0
170,369: 255,255,255
598,369:   0,  0,  0
633,369: 255,255,255
135,370:   0,  0,  0
170,370: 255,255,255
598,370:   0,  0,  0
633,370: 255,255,255
135,371:   0,  0,  0
171,371: 255,255,255
597,371:   0,  0,  0
633,371: 255,255,255
136,372:   0,  0,  0
171,372: 255,255,255
597,372:   0,  0,  0
632,372: 255,255,255
136,373:   0,  0,  0
172,373: 255,255,255
596,373:   0,  0,  0
632,373: 255,255,255
137,374:   0,  0,  0
172,374: 255,255,255
596,374:   0,  0,  0
631,374: 255,255,255
137,375:   0,  0,  0
173,375: 255,255,255
595,375:   0,  0,  0
631,375: 255,255,255
137,376:   0,  0,  0
173,376: 255,255,255
595,376:   0,  0,  0
631,376: 255,255,255
138,377:   0,  0,  0
174,377: 255,255,255
594,377:   0,  0,  0
630,377: 255,255,255
138,378:   0,  0,  0
174,378: 255,255,255
594,378:   0,  0,  0
630,378: 255,255,255
139,379:   0,  0,  0
175,379: 255,255,255
593,379:   0,  0,  0
629,379: 255,255,255
139,380:   0,  0,  0
175,380: 255,255,255
593,380:   0,  0,  0
629,380: 255,255,255
139,381:   0,  0,  0
176,381: 255,255,255
592,381:   0,  0,  0
629,381: 255,255,255
140,382:   0,  0,  0
176,382: 255,255,255
592,382:   0,  0,  0
628,382: 255,255,255
140,383:   0,  0,  0
177,383: 255,255,255
591,383:   0,  0,  0
628,383: 255,255,255
141,384:   0,  0,  0
177,384: 255,255,255
591,384:   0,  0,  0
627,384: 255,255,255
141,385:   0,  0,  0
178,385: 255,255,255
590,385:   0,  0,  0
627,385: 255,255,255
142,386:   0,  0,  0
178,386: 255,255,255
590,386:   0,  0,  0
626,386: 255,255,255
142,387:   0,  0,  0
179,387: 255,255,255
589,387:   0,  0,  0
626,387: 255,255,255
143,388:   0,  0,  0
179,388: 255,255,255
589,388:   0,  0,  0
625,388: 255,255,255
143,389:   0,  0,  0
180,389: 255,255,255
588,389:   0,  0,  0
625,389: 255,255,255
144,390:   0,  0,  0
181,390: 255,255,255
587,390:   0,  0,  0
624,390: 255,255,255
144,391:   0,  0,  0
181,391: 255,255,255
587,391:   0,  0,  0
624,391: 255,255,255
145,392:   0,  0,  0
182,392: 255,255,255
586,392:   0,  0,  0
623,392: 255,255,255
145,393:   0,  0,  0
182,393: 255,255,255
586,393:   0,  0,  0
623,393: 255,255,255
146,394:   0,  0,  0
183,394: 255,255,255
585,394:   0,  0,  0
622,394: 255,255,255
146,395:   0,  0,  0
184,395: 255,255,255
584,395:   0,  0,  0
622,395: 255,255,255
147,396:   0,  0,  0
184,396: 255,255,255
584,396:   0,  0,  0
621,396: 255,255,255
147,397:   0,  0,  0
185,397: 255,255,255
583,397:   0,  0,  0
621,397: 255,255,255
148,398:   0,  0,  0
185,398: 255,255,255
583,398:   0,  0,  0
620,398: 255,255,255
148,399:   0,  0,  0
186,399: 255,255,255
582,399:   0,  0,  0
620,399: 255,255,255
149,400:   0,  0,  0
187,400: 255,255,255
581,400:   0,  0,  0
619,400: 255,255,255
149,401:   0,  0,  0
187,401: 255,255,255
581,401:   0,  0,  0
619,401: 255,255,255
150,402:   0,  0,  0
188,402: 255,255,255
580,402:   0,  0,  0
618,402: 255,255,255
150,403:   0,  0,  0
189,403: 255,255,255
579,403:   0,  0,  0
618,403: 255,255,255
151,404:   0,  0,  0
189,404: 255,255,255
579,404:   0,  0,  0
617,404: 255,255,255
152,405:   0,  0,  0
190,405: 255,255,255
578,405:   0,  0,  0
616,405: 255,255,255
152,406:   0,  0,  0
191,406: 255,255,255
577,406:   0,  0,  0
616,406: 255,255,255
153,407:   0,  0,  0
192,407: 255,255,255
576,407:   0,  0,  0
615,407: 255,255,255
153,408:   0,  0,  0
192,408: 255,255,255
576,408:   0,  0,  0
615,408: 255,255,255
154,409:   0,  0,  0
193,409: 255,255,255
575,409:   0,  0,  0
614,409: 255,255,255
155,410:   0,  0,  0
194,410: 255,255,255
574,410:   0,  0,  0
613,410: 255,255,255
155,411:   0,  0,  0
194,411: 255,255,255
574,411:   0,  0,  0
613,411: 255,255,255
156,412:   0,  0,  0
195,412: 255,255,255
573,412:   0,  0,  0
612,412: 255,255,255
156,413:   0,  0,  0
196,413: 255,255,255
572,413:   0,  0,  0
612,413: 255,255,255
157,414:   0,  0,  0
197,414: 255,255,255
571,414:   0,  0,  0
611,414: 255,255,255
158,415:   0,  0,  0
198,415: 255,255,255
570,415:   0,  0,  0
610,415: 255,255,255
158,416:   0,  0,  0
198,416: 255,255,255
570,416:   0,  0,  0
610,416: 255,255,255
159,417:   0,  0,  0
199,417: 255,255,255
569,417:   0,  0,  0
609,417: 255,255,255
160,418:   0,  0,  0
200,418: 255,255,255
568,418:   0,  0,  0
608,418: 255,255,255
160,419:   0,  0,  0
201,419: 255,255,255
567,419:   0,  0,  0
608,419: 255,255,255
161,420:   0,  0,  0
202,420: 255,255,255
566,420:   0,  0,  0
607,420: 255,255,255
162,421:   0,  0,  0
202,421: 255,255,255
566,421:   0,  0,  0
606,421: 255,255,255
162,422:   0,  0,  0
203,422: 255,255,255
565,422:   0,  0,  0
606,422: 255,255,255
163,423:   0,  0,  0
204,423: 255,255,255
564,423:   0,  0,  0
605,423: 255,255,255
164,424:   0,  0,  0
205,424: 255,255,255
563,424:   0,  0,  0
604,424: 255,255,255
164,425:   0,  0,  0
206,425: 255,255,255
562,425:   0,  0,  0
604,425: 255,255,255
165,426:   0,  0,  0
207,426: 255,255,255
561,426:   0,  0,  0
603,426: 255,255,255
166,427:   0,  0,  0
208,427: 255,255,255
560,427:   0,  0,  0
602,427: 255,255,255
167,428:   0,  0,  0
209,428: 255,255,255
559,428:   0,  0,  0
601,428: 255,255,255
167,429:   0,  0,  0
209,429: 255,255,255
559,429:   0,  0,  0
601,429: 255,255,255
168,430:   0,  0,  0
210,430: 255,255,255
558,430:   0,  0,  0
600,430: 255,255,255
169,431:   0,  0,  0
211,431: 255,255,255
557,431:   0,  0,  0
599,431: 255,255,255
169,432:   0,  0,  0
212,432: 255,255,255
556,432:   0,  0,  0
599,432: 255,255,255
170,433:   0,  0,  0
213,433: 255,255,255
555,433:   0,  0,  0
598,433: 255,255,255
171,434:   0,  0,  0
214,434: 255,255,255
554,434:   0,  0,  0
597,434: 255,255,255
172,435:   0,  0,  0
215,435: 255,255,255
553,435:   0,  0,  0
596,435: 255,255,255
173,436:   0,  0,  0
216,436: 255,255,255
552,436:   0,  0,  0
595,436: 255,255,255
173,437:   0,  0,  0
217,437: 255,255,255
551,437:   0,  0,  0
595,437: 255,255,255
174,438:   0,  0,  0
218,438: 255,255,255
550,438:   0,  0,  0
594,438: 255,255,255
175,439:   0,  0,  0
219,439: 255,255,255
549,439:   0,  0,  0
593,439: 255,255,255
176,440:   0,  0,  0
220,440: 255,255,255
548,440:   0,  0,  0
592,440: 255,255,255
177,441:   0,  0,  0
221,441: 255,255,255
547,441:   0,  0,  0
591,441: 255,255,255
177,442:   0,  0,  0
222,442: 255,255,255
546,442:   0,  0,  0
591,442: 255,255,255
178,443:   0,  0,  0
224,443: 255,255,255
544,443:   0,  0,  0
590,443: 255,255,255
179,444:   0,  0,  0
225,444: 255,255,255
543,444:   0,  0,  0
589,444: 255,255,255
180,445:   0,  0,  0
226,445: 255,255,255
542,445:   0,  0,  0
588,445: 255,255,255
181,446:   0,  0,  0
227,446: 255,255,255
541,446:   0,  0,  0
587,446: 255,255,255
182,447:   0,  0,  0
228,447: 255,255,255
540,447:   0,  0,  0
586,447: 255,255,255
183,448:   0,  0,  0
229,448: 255,255,255
539,448:   0,  0,  0
585,448: 255,255,255
184,449:   0,  0,  0
230,449: 255,255,255
538,449:   0,  0,  0
584,449: 255,255,255
184,450:   0,  0,  0
232,450: 255,255,255
536,450:   0,  0,  0
584,450: 255,255,255
185,451:   0,  0,  0
233,451: 255,255,255
535,451:   0,  0,  0
583,451: 255,255,255
186,452:   0,  0,  0
234,452: 255,255,255
534,452:   0,  0,  0
582,452: 255,255,255
187,453:   0,  0,  0
235,453: 255,255,255
533,453:   0,  0,  0
581,453: 255,255,255
188,454:   0,  0,  0
237,454: 255,255,255
531,454:   0,  0,  0
580,454: 255,255,255
189,455:   0,  0,  0
238,455: 255,255,255
530,455:   0,  0,  0
579,455: 255,255,255
190,456:   0,  0,  0
239,456: 255,255,255
529,456:   0,  0,  0
578,456: 255,255,255
191,457:   0,  0,  0
240,457: 255,255,255
528,457:   0,  0,  0
577,457: 255,255,255
192,458:   0,  0,  0
242,458: 255,255,255
526,458:   0,  0,  0
576,458: 255,255,255
193,459:   0,  0,  0
243,459: 255,255,255
525,459:   0,  0,  0
575,459: 255,255,255
194,460:   0,  0,  0
244,460: 255,255,255
524,460:   0,  0,  0
574,460: 255,255,255
195,461:   0,  0,  0
246,461: 255,255,255
522,461:   0,  0,  0
573,461: 255,255,255
196,462:   0,  0,  0
247,462: 255,255,255
521,462:   0,  0,  0
572,462: 255,255,255
197,463:   0,  0,  0
249,463: 255,255,255
519,463:   0,  0,  0
571,463: 255,255,255
198,464:   0,  0,  0
250,464: 255,255,255
518,464:   0,  0,  0
570,464: 255,255,255
199,465:   0,  0,  0
252,465: 255,255,255
516,465:   0,  0,  0
569,465: 255,255,255
200,466:   0,  0,  0
253,466: 255,255,255
515,466:   0,  0,  0
568,466: 255,255,255
201,467:   0,  0,  0
255,467: 255,255,255
513,467:   0,  0,  0
567,467: 255,255,255
203,468:   0,  0,  0
256,468: 255,255,255
512,468:   0,  0,  0
565,468: 255,255,255
204,469:   0,  0,  0
258,469: 255,255,255
510,469:   0,  0,  0
564,469: 255,255,255
205,470:   0,  0,  0
260,470: 255,255,255
508,470:   0,  0,  0
563,470: 255,255,255
206,471:   0,  0,  0
261,471: 255,255,255
507,471:   0,  0,  0
562,471: 255,255,255
207,472:   0,  0,  0
263,472: 255,255,255
505,472:   0,  0,  0
561,472: 255,255,255
208,473:   0,  0,  0
265,473: 255,255,255
503,473:   0,  0,  0
560,473: 255,255,255
209,474:   0,  0,  0
267,474: 255,255,255
501,474:   0,  0,  0
559,474: 255,255,255
211,475:   0,  0,  0
268,475: 255,255,255
500,475:   0,  0,  0
557,475: 255,255,255
212,476:   0,  0,  0
270,476: 255,255,255
498,476:   0,  0,  0
556,476: 255,255,255
213,477:   0,  0,  0
272,477: 255,255,255
496,477:   0,  0,  0
555,477: 255,255,255
214,478:   0,  0,  0
274,478: 255,255,255
494,478:   0,  0,  0
554,478: 255,255,255
216,479:   0,  0,  0
276,479: 255,255,255
492,479:   0,  0,  0
552,479: 255,255,255
217,480:   0,  0,  0
278,480: 255,255,255
490,480:   0,  0,  0
551,480: 255,255,255
218,481:   0,  0,  0
280,481: 255,255,255
488,481:   0,  0,  0
550,481: 255,255,255
219,482:   0,  0,  0
282,482: 255,255,255
486,482:   0,  0,  0
549,482: 255,255,255
221,483:   0,  0,  0
284,483: 255,255,255
484,483:   0,  0,  0
547,483: 255,255,255
222,484:   0,  0,  0
286,484: 255,255,255
482,484:   0,  0,  0
546,484: 255,255,255
223,485:   0,  0,  0
289,485: 255,255,255
479,485:   0,  0,  0
545,485: 255,255,255
225,486:   0,  0,  0
291,486: 255,255,255
477,486:   0,  0,  0
543,486: 255,255,255
226,487:   0,  0,  0
293,487: 255,255,255
475,487:   0,  0,  0
542,487: 255,255,255
228,488:   0,  0,  0
296,488: 255,255,255
472,488:   0,  0,  0
540,488: 255,255,255
229,489:   0,  0,  0
298,489: 255,255,255
470,489:   0,  0,  0
539,489: 255,255,255
231,490:   0,  0,  0
301,490: 255,255,255
467,490:   0,  0,  0
537,490: 255,255,255
232,491:   0,  0,  0
304,491: 255,255,255
464,491:   0,  0,  0
536,491: 255,255,255
234,492:   0,  0,  0
307,492: 255,255,255
461,492:   0,  0,  0
534,492: 255,255,255
235,493:   0,  0,  0
309,493: 255,255,255
459,493:   0,  0,  0
533,493: 255,255,255
237,494:   0,  0,  0
313,494: 255,255,255
455,494:   0,  0,  0
531,494: 255,255,255
238,495:   0,  0,  0
316,495: 255,255,255
452,495:   0,  0,  0
530,495: 255,255,255
240,496:   0,  0,  0
319,496: 255,255,255
449,496:   0,  0,  0
528,496: 255,255,255
241,497:   0,  0,  0
323,497: 255,255,255
445,497:   0,  0,  0
527,497: 255,255,255
243,498:   0,  0,  0
327,498: 255,255,255
441,498:   0,  0,  0
525,498: 255,255,255
245,499:   0,  0,  0
331,499: 255,255,255
437,499:   0,  0,  0
523,499: 255,255,255
246,500:   0,  0,  0
336,500: 255,255,255
432,500:   0,  0,  0
522,500: 255,255,255
248,501:   0,  0,  0
341,501: 255,255,255
427,501:   0,  0,  0
520,501: 255,255,255
250,502:   0,  0,  0
347,502: 255,255,255
421,502:   0,  0,  0
518,502: 255,255,255
252,503:   0,  0,  0
353,503: 255,255,255
415,503:   0,  0,  0
516,503: 255,255,255
253,504:   0,  0,  0
361,504: 255,255,255
407,504:   0,  0,  0
515,504: 255,255,255
255,505:   0,  0,  0
373,505: 255,255,255
395,505:   0,  0,  0
513,505: 255,255,255
257,506:   0,  0,  0
511,506: 255,255,255
259,507:   0,  0,  0
509,507: 255,255,255
261,508:   0,  0,  0
507,508: 255,255,255
263,509:   0,  0,  0
505,509: 255,255,255
265,510:   0,  0,  0
503,510: 255,255,255
267,511:   0,  0,  0
501,511: 255,255,255
269,512:   0,  0,  0
499,512: 255,255,255
271,513:   0,  0,  0
497,513: 255,255,255
274,514:   0,  0,  0
494,514: 255,255,255
276,515:   0,  0,  0
492,515: 255,255,255
278,516:   0,  0,  0
490,516: 255,255,255
281,517:   0,  0,  0
487,517: 255,255,255
283,518:   0,  0,  0
485,518: 255,255,255
286,519:   0,  0,  0
482,519: 255,255,255
289,520:   0,  0,  0
479,520: 255,255,255
292,521:   0,  0,  0
476,521: 255,255,255
294,522:   0,  0,  0
474,522: 255,255,255
297,523:   0,  0,  0
471,523: 255,255,255
300,524:   0,  0,  0
468,524: 255,255,255
304,525:   0,  0,  0
464,525: 255,255,255
307,526:   0,  0,  0
461,526: 255,255,255
310,527:   0,  0,  0
458,527: 255,255,255
314,528:   0,  0,  0
454,528: 255,255,255
318,529:   0,  0,  0
450,529: 255,255,255
322,530:   0,  0,  0
446,530: 255,255,255
327,531:   0,  0,  0
441,531: 255,255,255
332,532:   0,  0,  0
436,532: 255,255,255
338,533:   0,  0,  0
430,533: 255,255,255
344,534:   0,  0,  0
424,534: 255,255,255
352,535:   0,  0,  0
416,535: 255,255,255
364,536:   0,  0,  0
404,536: 255,255,255
799,599: 255,255,255
