# ImageMagick pixel enumeration: 1600,1200,255,rgb
0,0: 255,255,255
163,0:   0,  0,  0
202,0: 255,255,255
162,1:   0,  0,  0
204,1: 255,255,255
161,2:   0,  0,  0
206,2: 255,255,255
160,3:   0,  0,  0
207,3: 255,255,255
160,4:   0,  0,  0
209,4: 255,255,255
159,5:   0,  0,  0
210,5: 255,255,255
158,6:   0,  0,  0
211,6: 255,255,255
158,7:   0,  0,  0
213,7: 255,255,255
157,8:   0,  0,  0
215,8: 255,255,255
157,9:   0,  0,  0
216,9: 255,255,255
156,10:   0,  0,  0
218,10: 255,255,255
156,11:   0,  0,  0
219,11: 255,255,255
156,12:   0,  0,  0
220,12: 255,255,255
156,13:   0,  0,  0
222,13: 255,255,255
155,14:   0,  0,  0
224,14: 255,255,255
155,15:   0,  0,  0
225,15: 255,255,255
155,16:   0,  0,  0
227,16: 255,255,255
155,17:   0,  0,  0
228,17: 255,255,255
155,18:   0,  0,  0
230,18: 255,255,255
155,19:   0,  0,  0
232,19: 255,255,255
155,20:   0,  0,  0
234,20: 255,255,255
155,21:   0,  0,  0
235,21: 255,255,255
155,22:   0,  0,  0
237,22: 255,255,255
155,23:   0,  0,  0
238,23: 255,255,255
155,24:   0,  0,  0
239,24: 255,255,255
155,25:   0,  0,  0
241,25: 255,255,255
155,26:   0,  0,  0
243,26: 255,255,255
156,27:   0,  0,  0
244,27: 255,255,255
156,28:   0,  0,  0
246,28: 255,255,255
156,29:   0,  0,  0
247,29: 255,255,255
156,30:   0,  0,  0
248,30: 255,255,255
157,31:   0,  0,  0
249,31: 255,255,255
157,32:   0,  0,  0
250,32: 255,255,255
158,33:   0,  0,  0
252,33: 255,255,255
158,34:   0,  0,  0
253,34: 255,255,255
159,35:   0,  0,  0
255,35: 255,255,255
160,36:   0,  0,  0
256,36: 255,255,255
160,37:   0,  0,  0
257,37: 255,255,255
161,38:   0,  0,  0
259,38: 255,255,255
162,39:   0,  0,  0
261,39: 255,255,255
163,40:   0,  0,  0
262,40: 255,255,255
164,41:   0,  0,  0
264,41: 255,255,255
165,42:   0,  0,  0
265,42: 255,255,255
167,43:   0,  0,  0
266,43: 255,255,255
168,44:   0,  0,  0
268,44: 255,255,255
170,45:   0,  0,  0
270,45: 255,255,255
172,46:   0,  0,  0
271,46: 255,255,255
173,47:   0,  0,  0
273,47: 255,255,255
174,48:   0,  0,  0
274,48: 255,255,255
176,49:   0,  0,  0
275,49: 255,255,255
177,50:   0,  0,  0
277,50: 255,255,255
179,51:   0,  0,  0
279,51: 255,255,255
181,52:   0,  0,  0
280,52: 255,255,255
182,53:   0,  0,  0
282,53: 255,255,255
183,54:   0,  0,  0
283,54: 255,255,255
185,55:   0,  0,  0
285,55: 255,255,255
186,56:   0,  0,  0
287,56: 255,255,255
188,57:   0,  0,  0
289,57: 255,255,255
190,58:   0,  0,  0
290,58: 255,255,255
191,59:   0,  0,  0
292,59: 255,255,255
192,60:   0,  0,  0
293,60: 255,255,255
194,61:   0,  0,  0
294,61: 255,255,255
195,62:   0,  0,  0
296,62: 255,255,255
197,63:   0,  0,  0
298,63: 255,255,255
199,64:   0,  0,  0
299,64: 255,255,255
201,65:   0,  0,  0
301,65: 255,255,255
202,66:   0,  0,  0
302,66: 255,255,255
204,67:   0,  0,  0
303,67: 255,255,255
205,68:   0,  0,  0
305,68: 255,255,255
207,69:   0,  0,  0
307,69: 255,255,255
209,70:   0,  0,  0
308,70: 255,255,255
210,71:   0,  0,  0
310,71: 255,255,255
211,72:   0,  0,  0
311,72: 255,255,255
213,73:   0,  0,  0
312,73: 255,255,255
214,74:   0,  0,  0
314,74: 255,255,255
216,75:   0,  0,  0
316,75: 255,255,255
217,76:   0,  0,  0
317,76: 255,255,255
218,77:   0,  0,  0
319,77: 255,255,255
219,78:   0,  0,  0
320,78: 255,255,255
220,79:   0,  0,  0
321,79: 255,255,255
222,80:   0,  0,  0
323,80: 255,255,255
223,81:   0,  0,  0
325,81: 255,255,255
225,82:   0,  0,  0
326,82: 255,255,255
227,83:   0,  0,  0
328,83: 255,255,255
228,84:   0,  0,  0
329,84: 255,255,255
229,85:   0,  0,  0
330,85: 255,255,255
231,86:   0,  0,  0
332,86: 255,255,255
232,87:   0,  0,  0
334,87: 255,255,255
234,88:   0,  0,  0
335,88: 255,255,255
236,89:   0,  0,  0
337,89: 255,255,255
237,90:   0,  0,  0
338,90: 255,255,255
238,91:   0,  0,  0
339,91: 255,255,255
240,92:   0,  0,  0
340,92: 255,255,255
241,93:   0,  0,  0
342,93: 255,255,255
243,94:   0,  0,  0
344,94: 255,255,255
245,95:   0,  0,  0
345,95: 255,255,255
246,96:   0,  0,  0
347,96: 255,255,255
247,97:   0,  0,  0
348,97: 255,255,255
249,98:   0,  0,  0
349,98: 255,255,255
250,99:   0,  0,  0
351,99: 255,255,255
252,100:   0,  0,  0
353,100: 255,255,255
254,101:   0,  0,  0
354,101: 255,255,255
256,102:   0,  0,  0
356,102: 255,255,255
257,103:   0,  0,  0
357,103: 255,255,255
259,104:   0,  0,  0
358,104: 255,255,255
260,105:   0,  0,  0
360,105: 255,255,255
262,106:   0,  0,  0
362,106: 255,255,255
264,107:   0,  0,  0
363,107: 255,255,255
265,108:   0,  0,  0
365,108: 255,255,255
266,109:   0,  0,  0
366,109: 255,255,255
268,110:   0,  0,  0
367,110: 255,255,255
269,111:   0,  0,  0
369,111: 255,255,255
271,112:   0,  0,  0
371,112: 255,255,255
273,113:   0,  0,  0
372,113: 255,255,255
274,114:   0,  0,  0
374,114: 255,255,255
275,115:   0,  0,  0
375,115: 255,255,255
277,116:   0,  0,  0
376,116: 255,255,255
278,117:   0,  0,  0
378,117: 255,255,255
280,118:   0,  0,  0
380,118: 255,255,255
282,119:   0,  0,  0
381,119: 255,255,255
283,120:   0,  0,  0
383,120: 255,255,255
284,121:   0,  0,  0
384,121: 255,255,255
286,122:   0,  0,  0
385,122: 255,255,255
287,123:   0,  0,  0
387,123: 255,255,255
289,124:   0,  0,  0
389,124: 255,255,255
291,125:   0,  0,  0
390,125: 255,255,255
292,126:   0,  0,  0
392,126: 255,255,255
293,127:   0,  0,  0
393,127: 255,255,255
295,128:   0,  0,  0
394,128: 255,255,255
296,129:   0,  0,  0
396,129: 255,255,255
298,130:   0,  0,  0
398,130: 255,255,255
300,131:   0,  0,  0
399,131: 255,255,255
301,132:   0,  0,  0
401,132: 255,255,255
302,133:   0,  0,  0
402,133: 255,255,255
304,134:   0,  0,  0
404,134: 255,255,255
305,135:   0,  0,  0
406,135: 255,255,255
307,136:   0,  0,  0
408,136: 255,255,255
309,137:   0,  0,  0
409,137: 255,255,255
310,138:   0,  0,  0
411,138: 255,255,255
311,139:   0,  0,  0
412,139: 255,255,255
312,140:   0,  0,  0
413,140: 255,255,255
314,141:   0,  0,  0
415,141: 255,255,255
315,142:   0,  0,  0
417,142: 255,255,255
317,143:   0,  0,  0
418,143: 255,255,255
319,144:   0,  0,  0
420,144: 255,255,255
320,145:   0,  0,  0
421,145: 255,255,255
321,146:   0,  0,  0
422,146: 255,255,255
323,147:   0,  0,  0
424,147: 255,255,255
324,148:   0,  0,  0
426,148: 255,255,255
326,149:   0,  0,  0
427,149: 255,255,255
328,150:   0,  0,  0
429,150: 255,255,255
329,151:   0,  0,  0
430,151: 255,255,255
330,152:   0,  0,  0
431,152: 255,255,255
332,153:   0,  0,  0
433,153: 255,255,255
333,154:   0,  0,  0
435,154: 255,255,255
335,155:   0,  0,  0
436,155: 255,255,255
337,156:   0,  0,  0
438,156: 255,255,255
338,157:   0,  0,  0
439,157: 255,255,255
339,158:   0,  0,  0
440,158: 255,255,255
341,159:   0,  0,  0
441,159: 255,255,255
342,160:   0,  0,  0
442,160: 255,255,255
344,161:   0,  0,  0
444,161: 255,255,255
346,162:   0,  0,  0
445,162: 255,255,255
347,163:   0,  0,  0
447,163: 255,255,255
348,164:   0,  0,  0
448,164: 255,255,255
350,165:   0,  0,  0
449,165: 255,255,255
351,166:   0,  0,  0
451,166: 255,255,255
353,167:   0,  0,  0
453,167: 255,255,255
355,168:   0,  0,  0
454,168: 255,255,255
356,169:   0,  0,  0
456,169: 255,255,255
357,170:   0,  0,  0
457,170: 255,255,255
359,171:   0,  0,  0
459,171: 255,255,255
360,172:   0,  0,  0
461,172: 255,255,255
362,173:   0,  0,  0
463,173: 255,255,255
364,174:   0,  0,  0
464,174: 255,255,255
365,175:   0,  0,  0
466,175: 255,255,255
366,176:   0,  0,  0
467,176: 255,255,255
368,177:   0,  0,  0
468,177: 255,255,255
369,178:   0,  0,  0
470,178: 255,255,255
371,179:   0,  0,  0
472,179: 255,255,255
373,180:   0,  0,  0
473,180: 255,255,255
375,181:   0,  0,  0
475,181: 255,255,255
376,182:   0,  0,  0
476,182: 255,255,255
30,183:   0,  0,  0
43,183: 255,255,255
378,183:   0,  0,  0
477,183: 255,255,255
26,184:   0,  0,  0
47,184: 255,255,255
379,184:   0,  0,  0
479,184: 255,255,255
24,185:   0,  0,  0
49,185: 255,255,255
381,185:   0,  0,  0
481,185: 255,255,255
22,186:   0,  0,  0
51,186: 255,255,255
383,186:   0,  0,  0
482,186: 255,255,255
21,187:   0,  0,  0
52,187: 255,255,255
384,187:   0,  0,  0
484,187: 255,255,255
19,188:   0,  0,  0
54,188: 255,255,255
385,188:   0,  0,  0
485,188: 255,255,255
18,189:   0,  0,  0
55,189: 255,255,255
387,189:   0,  0,  0
486,189: 255,255,255
17,190:   0,  0,  0
56,190: 255,255,255
388,190:   0,  0,  0
488,190: 255,255,255
16,191:   0,  0,  0
58,191: 255,255,255
390,191:   0,  0,  0
490,191: 255,255,255
15,192:   0,  0,  0
60,192: 255,255,255
392,192:   0,  0,  0
491,192: 255,255,255
14,193:   0,  0,  0
61,193: 255,255,255
393,193:   0,  0,  0
493,193: 255,255,255
14,194:   0,  0,  0
63,194: 255,255,255
394,194:   0,  0,  0
494,194: 255,255,255
13,195:   0,  0,  0
64,195: 255,255,255
396,195:   0,  0,  0
495,195: 255,255,255
12,196:   0,  0,  0
65,196: 255,255,255
397,196:   0,  0,  0
497,196: 255,255,255
12,197:   0,  0,  0
67,197: 255,255,255
399,197:   0,  0,  0
499,197: 255,255,255
11,198:   0,  0,  0
69,198: 255,255,255
401,198:   0,  0,  0
500,198: 255,255,255
11,199:   0,  0,  0
70,199: 255,255,255
402,199:   0,  0,  0
502,199: 255,255,255
10,200:   0,  0,  0
72,200: 255,255,255
403,200:   0,  0,  0
503,200: 255,255,255
10,201:   0,  0,  0
73,201: 255,255,255
405,201:   0,  0,  0
504,201: 255,255,255
10,202:   0,  0,  0
74,202: 255,255,255
406,202:   0,  0,  0
506,202: 255,255,255
10,203:   0,  0,  0
75,203: 255,255,255
408,203:   0,  0,  0
508,203: 255,255,255
9,204:   0,  0,  0
76,204: 255,255,255
409,204:   0,  0,  0
509,204: 255,255,255
9,205:   0,  0,  0
78,205: 255,255,255
410,205:   0,  0,  0
511,205: 255,255,255
9,206:   0,  0,  0
79,206: 255,255,255
411,206:   0,  0,  0
512,206: 255,255,255
9,207:   0,  0,  0
81,207: 255,255,255
412,207:   0,  0,  0
513,207: 255,255,255
9,208:   0,  0,  0
82,208: 255,255,255
414,208:   0,  0,  0
515,208: 255,255,255
9,209:   0,  0,  0
83,209: 255,255,255
415,209:   0,  0,  0
517,209: 255,255,255
9,210:   0,  0,  0
85,210: 255,255,255
417,210:   0,  0,  0
518,210: 255,255,255
9,211:   0,  0,  0
87,211: 255,255,255
419,211:   0,  0,  0
520,211: 255,255,255
9,212:   0,  0,  0
88,212: 255,255,255
420,212:   0,  0,  0
521,212: 255,255,255
9,213:   0,  0,  0
90,213: 255,255,255
421,213:   0,  0,  0
523,213: 255,255,255
9,214:   0,  0,  0
91,214: 255,255,255
423,214:   0,  0,  0
525,214: 255,255,255
9,215:   0,  0,  0
92,215: 255,255,255
424,215:   0,  0,  0
527,215: 255,255,255
9,216:   0,  0,  0
94,216: 255,255,255
426,216:   0,  0,  0
528,216: 255,255,255
10,217:   0,  0,  0
96,217: 255,255,255
428,217:   0,  0,  0
530,217: 255,255,255
10,218:   0,  0,  0
97,218: 255,255,255
430,218:   0,  0,  0
531,218: 255,255,255
10,219:   0,  0,  0
99,219: 255,255,255
431,219:   0,  0,  0
532,219: 255,255,255
10,220:   0,  0,  0
100,220: 255,255,255
433,220:   0,  0,  0
533,220: 255,255,255
11,221:   0,  0,  0
101,221: 255,255,255
434,221:   0,  0,  0
534,221: 255,255,255
11,222:   0,  0,  0
103,222: 255,255,255
436,222:   0,  0,  0
536,222: 255,255,255
12,223:   0,  0,  0
105,223: 255,255,255
438,223:   0,  0,  0
537,223: 255,255,255
12,224:   0,  0,  0
106,224: 255,255,255
439,224:   0,  0,  0
539,224: 255,255,255
13,225:   0,  0,  0
108,225: 255,255,255
440,225:   0,  0,  0
540,225: 255,255,255
14,226:   0,  0,  0
109,226: 255,255,255
442,226:   0,  0,  0
541,226: 255,255,255
14,227:   0,  0,  0
110,227: 255,255,255
443,227:   0,  0,  0
543,227: 255,255,255
15,228:   0,  0,  0
111,228: 255,255,255
445,228:   0,  0,  0
545,228: 255,255,255
16,229:   0,  0,  0
112,229: 255,255,255
447,229:   0,  0,  0
546,229: 255,255,255
17,230:   0,  0,  0
114,230: 255,255,255
448,230:   0,  0,  0
548,230: 255,255,255
18,231:   0,  0,  0
115,231: 255,255,255
449,231:   0,  0,  0
549,231: 255,255,255
19,232:   0,  0,  0
117,232: 255,255,255
451,232:   0,  0,  0
550,232: 255,255,255
21,233:   0,  0,  0
118,233: 255,255,255
452,233:   0,  0,  0
552,233: 255,255,255
22,234:   0,  0,  0
119,234: 255,255,255
454,234:   0,  0,  0
554,234: 255,255,255
24,235:   0,  0,  0
121,235: 255,255,255
456,235:   0,  0,  0
555,235: 255,255,255
26,236:   0,  0,  0
123,236: 255,255,255
457,236:   0,  0,  0
557,236: 255,255,255
27,237:   0,  0,  0
124,237: 255,255,255
458,237:   0,  0,  0
558,237: 255,255,255
28,238:   0,  0,  0
126,238: 255,255,255
460,238:   0,  0,  0
559,238: 255,255,255
30,239:   0,  0,  0
127,239: 255,255,255
461,239:   0,  0,  0
561,239: 255,255,255
31,240:   0,  0,  0
128,240: 255,255,255
463,240:   0,  0,  0
563,240: 255,255,255
33,241:   0,  0,  0
130,241: 255,255,255
465,241:   0,  0,  0
564,241: 255,255,255
35,242:   0,  0,  0
132,242: 255,255,255
466,242:   0,  0,  0
566,242: 255,255,255
36,243:   0,  0,  0
133,243: 255,255,255
467,243:   0,  0,  0
567,243: 255,255,255
37,244:   0,  0,  0
135,244: 255,255,255
469,244:   0,  0,  0
568,244: 255,255,255
39,245:   0,  0,  0
136,245: 255,255,255
470,245:   0,  0,  0
570,245: 255,255,255
40,246:   0,  0,  0
137,246: 255,255,255
472,246:   0,  0,  0
572,246: 255,255,255
42,247:   0,  0,  0
139,247: 255,255,255
474,247:   0,  0,  0
573,247: 255,255,255
43,248:   0,  0,  0
141,248: 255,255,255
475,248:   0,  0,  0
575,248: 255,255,255
44,249:   0,  0,  0
142,249: 255,255,255
476,249:   0,  0,  0
576,249: 255,255,255
45,250:   0,  0,  0
144,250: 255,255,255
478,250:   0,  0,  0
578,250: 255,255,255
46,251:   0,  0,  0
145,251: 255,255,255
479,251:   0,  0,  0
580,251: 255,255,255
48,252:   0,  0,  0
146,252: 255,255,255
481,252:   0,  0,  0
582,252: 255,255,255
49,253:   0,  0,  0
147,253: 255,255,255
483,253:   0,  0,  0
583,253: 255,255,255
51,254:   0,  0,  0
148,254: 255,255,255
484,254:   0,  0,  0
585,254: 255,255,255
53,255:   0,  0,  0
150,255: 255,255,255
485,255:   0,  0,  0
586,255: 255,255,255
54,256:   0,  0,  0
151,256: 255,255,255
487,256:   0,  0,  0
587,256: 255,255,255
55,257:   0,  0,  0
153,257: 255,255,255
488,257:   0,  0,  0
589,257: 255,255,255
57,258:   0,  0,  0
154,258: 255,255,255
490,258:   0,  0,  0
591,258: 255,255,255
58,259:   0,  0,  0
155,259: 255,255,255
492,259:   0,  0,  0
592,259: 255,255,255
60,260:   0,  0,  0
157,260: 255,255,255
494,260:   0,  0,  0
594,260: 255,255,255
62,261:   0,  0,  0
159,261: 255,255,255
495,261:   0,  0,  0
595,261: 255,255,255
63,262:   0,  0,  0
160,262: 255,255,255
497,262:   0,  0,  0
596,262: 255,255,255
64,263:   0,  0,  0
162,263: 255,255,255
498,263:   0,  0,  0
598,263: 255,255,255
66,264:   0,  0,  0
163,264: 255,255,255
500,264:   0,  0,  0
600,264: 255,255,255
67,265:   0,  0,  0
164,265: 255,255,255
501,265:   0,  0,  0
601,265: 255,255,255
69,266:   0,  0,  0
166,266: 255,255,255
502,266:   0,  0,  0
603,266: 255,255,255
71,267:   0,  0,  0
168,267: 255,255,255
503,267:   0,  0,  0
604,267: 255,255,255
72,268:   0,  0,  0
169,268: 255,255,255
504,268:   0,  0,  0
605,268: 255,255,255
73,269:   0,  0,  0
171,269: 255,255,255
506,269:   0,  0,  0
607,269: 255,255,255
75,270:   0,  0,  0
172,270: 255,255,255
507,270:   0,  0,  0
609,270: 255,255,255
76,271:   0,  0,  0
173,271: 255,255,255
509,271:   0,  0,  0
610,271: 255,255,255
78,272:   0,  0,  0
175,272: 255,255,255
511,272:   0,  0,  0
612,272: 255,255,255
79,273:   0,  0,  0
177,273: 255,255,255
512,273:   0,  0,  0
613,273: 255,255,255
80,274:   0,  0,  0
178,274: 255,255,255
513,274:   0,  0,  0
614,274: 255,255,255
81,275:   0,  0,  0
180,275: 255,255,255
515,275:   0,  0,  0
616,275: 255,255,255
82,276:   0,  0,  0
181,276: 255,255,255
516,276:   0,  0,  0
618,276: 255,255,255
84,277:   0,  0,  0
182,277: 255,255,255
518,277:   0,  0,  0
619,277: 255,255,255
85,278:   0,  0,  0
183,278: 255,255,255
520,278:   0,  0,  0
621,278: 255,255,255
87,279:   0,  0,  0
184,279: 255,255,255
521,279:   0,  0,  0
622,279: 255,255,255
89,280:   0,  0,  0
186,280: 255,255,255
522,280:   0,  0,  0
623,280: 255,255,255
90,281:   0,  0,  0
187,281: 255,255,255
524,281:   0,  0,  0
625,281: 255,255,255
91,282:   0,  0,  0
189,282: 255,255,255
525,282:   0,  0,  0
627,282: 255,255,255
93,283:   0,  0,  0
190,283: 255,255,255
527,283:   0,  0,  0
628,283: 255,255,255
94,284:   0,  0,  0
191,284: 255,255,255
529,284:   0,  0,  0
630,284: 255,255,255
96,285:   0,  0,  0
193,285: 255,255,255
530,285:   0,  0,  0
631,285: 255,255,255
98,286:   0,  0,  0
195,286: 255,255,255
531,286:   0,  0,  0
632,286: 255,255,255
99,287:   0,  0,  0
196,287: 255,255,255
533,287:   0,  0,  0
633,287: 255,255,255
100,288:   0,  0,  0
198,288: 255,255,255
534,288:   0,  0,  0
635,288: 255,255,255
102,289:   0,  0,  0
199,289: 255,255,255
536,289:   0,  0,  0
637,289: 255,255,255
103,290:   0,  0,  0
200,290: 255,255,255
538,290:   0,  0,  0
638,290: 255,255,255
105,291:   0,  0,  0
202,291: 255,255,255
539,291:   0,  0,  0
640,291: 255,255,255
107,292:   0,  0,  0
204,292: 255,255,255
540,292:   0,  0,  0
641,292: 255,255,255
108,293:   0,  0,  0
205,293: 255,255,255
542,293:   0,  0,  0
642,293: 255,255,255
109,294:   0,  0,  0
207,294: 255,255,255
543,294:   0,  0,  0
644,294: 255,255,255
111,295:   0,  0,  0
208,295: 255,255,255
545,295:   0,  0,  0
646,295: 255,255,255
112,296:   0,  0,  0
209,296: 255,255,255
547,296:   0,  0,  0
647,296: 255,255,255
114,297:   0,  0,  0
211,297: 255,255,255
549,297:   0,  0,  0
649,297: 255,255,255
115,298:   0,  0,  0
213,298: 255,255,255
550,298:   0,  0,  0
650,298: 255,255,255
116,299:   0,  0,  0
214,299: 255,255,255
552,299:   0,  0,  0
651,299: 255,255,255
117,300:   0,  0,  0
216,300: 255,255,255
553,300:   0,  0,  0
653,300: 255,255,255
118,301:   0,  0,  0
217,301: 255,255,255
555,301:   0,  0,  0
655,301: 255,255,255
120,302:   0,  0,  0
218,302: 255,255,255
557,302:   0,  0,  0
656,302: 255,255,255
121,303:   0,  0,  0
219,303: 255,255,255
558,303:   0,  0,  0
658,303: 255,255,255
123,304:   0,  0,  0
220,304: 255,255,255
559,304:   0,  0,  0
659,304: 255,255,255
125,305:   0,  0,  0
222,305: 255,255,255
561,305:   0,  0,  0
660,305: 255,255,255
126,306:   0,  0,  0
223,306: 255,255,255
562,306:   0,  0,  0
662,306: 255,255,255
127,307:   0,  0,  0
225,307: 255,255,255
564,307:   0,  0,  0
664,307: 255,255,255
129,308:   0,  0,  0
226,308: 255,255,255
566,308:   0,  0,  0
665,308: 255,255,255
130,309:   0,  0,  0
227,309: 255,255,255
567,309:   0,  0,  0
667,309: 255,255,255
132,310:   0,  0,  0
229,310: 255,255,255
568,310:   0,  0,  0
668,310: 255,255,255
134,311:   0,  0,  0
231,311: 255,255,255
570,311:   0,  0,  0
669,311: 255,255,255
135,312:   0,  0,  0
232,312: 255,255,255
571,312:   0,  0,  0
671,312: 255,255,255
136,313:   0,  0,  0
234,313: 255,255,255
573,313:   0,  0,  0
673,313: 255,255,255
138,314:   0,  0,  0
235,314: 255,255,255
575,314:   0,  0,  0
674,314: 255,255,255
139,315:   0,  0,  0
237,315: 255,255,255
576,315:   0,  0,  0
676,315: 255,255,255
141,316:   0,  0,  0
239,316: 255,255,255
577,316:   0,  0,  0
677,316: 255,255,255
143,317:   0,  0,  0
241,317: 255,255,255
579,317:   0,  0,  0
678,317: 255,255,255
144,318:   0,  0,  0
242,318: 255,255,255
580,318:   0,  0,  0
680,318: 255,255,255
145,319:   0,  0,  0
244,319: 255,255,255
582,319:   0,  0,  0
682,319: 255,255,255
147,320:   0,  0,  0
245,320: 255,255,255
584,320:   0,  0,  0
683,320: 255,255,255
148,321:   0,  0,  0
246,321: 255,255,255
585,321:   0,  0,  0
685,321: 255,255,255
150,322:   0,  0,  0
248,322: 255,255,255
586,322:   0,  0,  0
686,322: 255,255,255
151,323:   0,  0,  0
250,323: 255,255,255
588,323:   0,  0,  0
687,323: 255,255,255
152,324:   0,  0,  0
251,324: 255,255,255
589,324:   0,  0,  0
689,324: 255,255,255
153,325:   0,  0,  0
253,325: 255,255,255
591,325:   0,  0,  0
691,325: 255,255,255
154,326:   0,  0,  0
254,326: 255,255,255
593,326:   0,  0,  0
692,326: 255,255,255
156,327:   0,  0,  0
255,327: 255,255,255
594,327:   0,  0,  0
694,327: 255,255,255
157,328:   0,  0,  0
256,328: 255,255,255
595,328:   0,  0,  0
695,328: 255,255,255
159,329:   0,  0,  0
257,329: 255,255,255
597,329:   0,  0,  0
697,329: 255,255,255
161,330:   0,  0,  0
259,330: 255,255,255
598,330:   0,  0,  0
699,330: 255,255,255
162,331:   0,  0,  0
260,331: 255,255,255
600,331:   0,  0,  0
701,331: 255,255,255
163,332:   0,  0,  0
262,332: 255,255,255
602,332:   0,  0,  0
702,332: 255,255,255
165,333:   0,  0,  0
263,333: 255,255,255
603,333:   0,  0,  0
704,333: 255,255,255
166,334:   0,  0,  0
264,334: 255,255,255
604,334:   0,  0,  0
705,334: 255,255,255
168,335:   0,  0,  0
266,335: 255,255,255
605,335:   0,  0,  0
706,335: 255,255,255
170,336:   0,  0,  0
268,336: 255,255,255
607,336:   0,  0,  0
708,336: 255,255,255
171,337:   0,  0,  0
269,337: 255,255,255
608,337:   0,  0,  0
710,337: 255,255,255
172,338:   0,  0,  0
271,338: 255,255,255
610,338:   0,  0,  0
711,338: 255,255,255
174,339:   0,  0,  0
272,339: 255,255,255
612,339:   0,  0,  0
713,339: 255,255,255
175,340:   0,  0,  0
273,340: 255,255,255
613,340:   0,  0,  0
714,340: 255,255,255
177,341:   0,  0,  0
275,341: 255,255,255
614,341:   0,  0,  0
715,341: 255,255,255
179,342:   0,  0,  0
277,342: 255,255,255
616,342:   0,  0,  0
717,342: 255,255,255
180,343:   0,  0,  0
278,343: 255,255,255
617,343:   0,  0,  0
719,343: 255,255,255
181,344:   0,  0,  0
280,344: 255,255,255
619,344:   0,  0,  0
720,344: 255,255,255
183,345:   0,  0,  0
281,345: 255,255,255
621,345:   0,  0,  0
722,345: 255,255,255
184,346:   0,  0,  0
282,346: 255,255,255
622,346:   0,  0,  0
723,346: 255,255,255
186,347:   0,  0,  0
283,347: 255,255,255
623,347:   0,  0,  0
724,347: 255,255,255
187,348:   0,  0,  0
284,348: 255,255,255
625,348:   0,  0,  0
725,348: 255,255,255
188,349:   0,  0,  0
286,349: 255,255,255
626,349:   0,  0,  0
726,349: 255,255,255
189,350:   0,  0,  0
287,350: 255,255,255
628,350:   0,  0,  0
728,350: 255,255,255
190,351:   0,  0,  0
289,351: 255,255,255
630,351:   0,  0,  0
729,351: 255,255,255
192,352:   0,  0,  0
290,352: 255,255,255
631,352:   0,  0,  0
731,352: 255,255,255
193,353:   0,  0,  0
291,353: 255,255,255
632,353:   0,  0,  0
732,353: 255,255,255
195,354:   0,  0,  0
293,354: 255,255,255
634,354:   0,  0,  0
733,354: 255,255,255
197,355:   0,  0,  0
295,355: 255,255,255
635,355:   0,  0,  0
735,355: 255,255,255
198,356:   0,  0,  0
296,356: 255,255,255
637,356:   0,  0,  0
737,356: 255,255,255
199,357:   0,  0,  0
298,357: 255,255,255
639,357:   0,  0,  0
738,357: 255,255,255
201,358:   0,  0,  0
299,358: 255,255,255
640,358:   0,  0,  0
740,358: 255,255,255
202,359:   0,  0,  0
300,359: 255,255,255
641,359:   0,  0,  0
741,359: 255,255,255
204,360:   0,  0,  0
302,360: 255,255,255
643,360:   0,  0,  0
742,360: 255,255,255
206,361:   0,  0,  0
304,361: 255,255,255
644,361:   0,  0,  0
744,361: 255,255,255
208,362:   0,  0,  0
305,362: 255,255,255
646,362:   0,  0,  0
746,362: 255,255,255
209,363:   0,  0,  0
307,363: 255,255,255
648,363:   0,  0,  0
747,363: 255,255,255
211,364:   0,  0,  0
308,364: 255,255,255
649,364:   0,  0,  0
749,364: 255,255,255
212,365:   0,  0,  0
309,365: 255,255,255
650,365:   0,  0,  0
750,365: 255,255,255
214,366:   0,  0,  0
311,366: 255,255,255
652,366:   0,  0,  0
752,366: 255,255,255
216,367:   0,  0,  0
313,367: 255,255,255
653,367:   0,  0,  0
754,367: 255,255,255
217,368:   0,  0,  0
314,368: 255,255,255
655,368:   0,  0,  0
756,368: 255,255,255
218,369:   0,  0,  0
316,369: 255,255,255
657,369:   0,  0,  0
757,369: 255,255,255
220,370:   0,  0,  0
317,370: 255,255,255
658,370:   0,  0,  0
759,370: 255,255,255
221,371:   0,  0,  0
318,371: 255,255,255
659,371:   0,  0,  0
760,371: 255,255,255
223,372:   0,  0,  0
319,372: 255,255,255
661,372:   0,  0,  0
761,372: 255,255,255
224,373:   0,  0,  0
320,373: 255,255,255
662,373:   0,  0,  0
763,373: 255,255,255
225,374:   0,  0,  0
322,374: 255,255,255
664,374:   0,  0,  0
765,374: 255,255,255
226,375:   0,  0,  0
323,375: 255,255,255
666,375:   0,  0,  0
766,375: 255,255,255
227,376:   0,  0,  0
325,376: 255,255,255
668,376:   0,  0,  0
768,376: 255,255,255
229,377:   0,  0,  0
326,377: 255,255,255
669,377:   0,  0,  0
769,377: 255,255,255
230,378:   0,  0,  0
327,378: 255,255,255
671,378:   0,  0,  0
770,378: 255,255,255
232,379:   0,  0,  0
329,379: 255,255,255
672,379:   0,  0,  0
772,379: 255,255,255
234,380:   0,  0,  0
331,380: 255,255,255
674,380:   0,  0,  0
774,380: 255,255,255
235,381:   0,  0,  0
332,381: 255,255,255
676,381:   0,  0,  0
775,381: 255,255,255
236,382:   0,  0,  0
334,382: 255,255,255
677,382:   0,  0,  0
777,382: 255,255,255
238,383:   0,  0,  0
335,383: 255,255,255
678,383:   0,  0,  0
778,383: 255,255,255
239,384:   0,  0,  0
336,384: 255,255,255
680,384:   0,  0,  0
779,384: 255,255,255
241,385:   0,  0,  0
338,385: 255,255,255
681,385:   0,  0,  0
781,385: 255,255,255
243,386:   0,  0,  0
340,386: 255,255,255
683,386:   0,  0,  0
783,386: 255,255,255
244,387:   0,  0,  0
341,387: 255,255,255
685,387:   0,  0,  0
784,387: 255,255,255
245,388:   0,  0,  0
343,388: 255,255,255
686,388:   0,  0,  0
786,388: 255,255,255
247,389:   0,  0,  0
344,389: 255,255,255
687,389:   0,  0,  0
787,389: 255,255,255
248,390:   0,  0,  0
345,390: 255,255,255
689,390:   0,  0,  0
788,390: 255,255,255
250,391:   0,  0,  0
347,391: 255,255,255
690,391:   0,  0,  0
790,391: 255,255,255
251,392:   0,  0,  0
349,392: 255,255,255
692,392:   0,  0,  0
792,392: 255,255,255
252,393:   0,  0,  0
350,393: 255,255,255
693,393:   0,  0,  0
793,393: 255,255,255
253,394:   0,  0,  0
352,394: 255,255,255
694,394:   0,  0,  0
795,394: 255,255,255
254,395:   0,  0,  0
353,395: 255,255,255
695,395:   0,  0,  0
796,395: 255,255,255
256,396:   0,  0,  0
354,396: 255,255,255
696,396:   0,  0,  0
797,396: 255,255,255
257,397:   0,  0,  0
355,397: 255,255,255
698,397:   0,  0,  0
799,397: 255,255,255
259,398:   0,  0,  0
356,398: 255,255,255
699,398:   0,  0,  0
801,398: 255,255,255
261,399:   0,  0,  0
358,399: 255,255,255
701,399:   0,  0,  0
802,399: 255,255,255
262,400:   0,  0,  0
359,400: 255,255,255
703,400:   0,  0,  0
804,400: 255,255,255
263,401:   0,  0,  0
361,401: 255,255,255
704,401:   0,  0,  0
805,401: 255,255,255
265,402:   0,  0,  0
362,402: 255,255,255
705,402:   0,  0,  0
806,402: 255,255,255
266,403:   0,  0,  0
363,403: 255,255,255
707,403:   0,  0,  0
808,403: 255,255,255
268,404:   0,  0,  0
365,404: 255,255,255
708,404:   0,  0,  0
810,404: 255,255,255
270,405:   0,  0,  0
367,405: 255,255,255
710,405:   0,  0,  0
811,405: 255,255,255
271,406:   0,  0,  0
368,406: 255,255,255
712,406:   0,  0,  0
813,406: 255,255,255
272,407:   0,  0,  0
370,407: 255,255,255
713,407:   0,  0,  0
814,407: 255,255,255
274,408:   0,  0,  0
371,408: 255,255,255
714,408:   0,  0,  0
816,408: 255,255,255
275,409:   0,  0,  0
372,409: 255,255,255
716,409:   0,  0,  0
818,409: 255,255,255
277,410:   0,  0,  0
374,410: 255,255,255
717,410:   0,  0,  0
820,410: 255,255,255
279,411:   0,  0,  0
376,411: 255,255,255
719,411:   0,  0,  0
821,411: 255,255,255
280,412:   0,  0,  0
377,412: 255,255,255
721,412:   0,  0,  0
823,412: 255,255,255
281,413:   0,  0,  0
379,413: 255,255,255
723,413:   0,  0,  0
824,413: 255,255,255
283,414:   0,  0,  0
380,414: 255,255,255
724,414:   0,  0,  0
825,414: 255,255,255
284,415:   0,  0,  0
381,415: 255,255,255
726,415:   0,  0,  0
826,415: 255,255,255
286,416:   0,  0,  0
383,416: 255,255,255
727,416:   0,  0,  0
827,416: 255,255,255
287,417:   0,  0,  0
385,417: 255,255,255
729,417:   0,  0,  0
829,417: 255,255,255
288,418:   0,  0,  0
386,418: 255,255,255
731,418:   0,  0,  0
830,418: 255,255,255
289,419:   0,  0,  0
388,419: 255,255,255
732,419:   0,  0,  0
832,419: 255,255,255
290,420:   0,  0,  0
389,420: 255,255,255
733,420:   0,  0,  0
833,420: 255,255,255
292,421:   0,  0,  0
390,421: 255,255,255
735,421:   0,  0,  0
834,421: 255,255,255
293,422:   0,  0,  0
391,422: 255,255,255
736,422:   0,  0,  0
836,422: 255,255,255
295,423:   0,  0,  0
392,423: 255,255,255
738,423:   0,  0,  0
838,423: 255,255,255
297,424:   0,  0,  0
394,424: 255,255,255
740,424:   0,  0,  0
839,424: 255,255,255
298,425:   0,  0,  0
395,425: 255,255,255
741,425:   0,  0,  0
841,425: 255,255,255
299,426:   0,  0,  0
397,426: 255,255,255
742,426:   0,  0,  0
842,426: 255,255,255
301,427:   0,  0,  0
398,427: 255,255,255
744,427:   0,  0,  0
843,427: 255,255,255
302,428:   0,  0,  0
399,428: 255,255,255
745,428:   0,  0,  0
845,428: 255,255,255
304,429:   0,  0,  0
401,429: 255,255,255
747,429:   0,  0,  0
847,429: 255,255,255
306,430:   0,  0,  0
403,430: 255,255,255
749,430:   0,  0,  0
848,430: 255,255,255
307,431:   0,  0,  0
404,431: 255,255,255
750,431:   0,  0,  0
850,431: 255,255,255
308,432:   0,  0,  0
406,432: 255,255,255
751,432:   0,  0,  0
851,432: 255,255,255
310,433:   0,  0,  0
407,433: 255,255,255
753,433:   0,  0,  0
852,433: 255,255,255
311,434:   0,  0,  0
408,434: 255,255,255
754,434:   0,  0,  0
854,434: 255,255,255
313,435:   0,  0,  0
410,435: 255,255,255
756,435:   0,  0,  0
856,435: 255,255,255
315,436:   0,  0,  0
412,436: 255,255,255
758,436:   0,  0,  0
857,436: 255,255,255
316,437:   0,  0,  0
413,437: 255,255,255
759,437:   0,  0,  0
859,437: 255,255,255
317,438:   0,  0,  0
415,438: 255,255,255
760,438:   0,  0,  0
860,438: 255,255,255
319,439:   0,  0,  0
416,439: 255,255,255
762,439:   0,  0,  0
861,439: 255,255,255
320,440:   0,  0,  0
417,440: 255,255,255
763,440:   0,  0,  0
863,440: 255,255,255
322,441:   0,  0,  0
419,441: 255,255,255
765,441:   0,  0,  0
865,441: 255,255,255
323,442:   0,  0,  0
421,442: 255,255,255
767,442:   0,  0,  0
866,442: 255,255,255
324,443:   0,  0,  0
422,443: 255,255,255
768,443:   0,  0,  0
868,443: 255,255,255
325,444:   0,  0,  0
424,444: 255,255,255
769,444:   0,  0,  0
869,444: 255,255,255
326,445:   0,  0,  0
425,445: 255,255,255
771,445:   0,  0,  0
871,445: 255,255,255
328,446:   0,  0,  0
426,446: 255,255,255
772,446:   0,  0,  0
873,446: 255,255,255
329,447:   0,  0,  0
427,447: 255,255,255
774,447:   0,  0,  0
875,447: 255,255,255
331,448:   0,  0,  0
429,448: 255,255,255
776,448:   0,  0,  0
876,448: 255,255,255
333,449:   0,  0,  0
431,449: 255,255,255
777,449:   0,  0,  0
878,449: 255,255,255
334,450:   0,  0,  0
432,450: 255,255,255
778,450:   0,  0,  0
879,450: 255,255,255
335,451:   0,  0,  0
434,451: 255,255,255
780,451:   0,  0,  0
880,451: 255,255,255
337,452:   0,  0,  0
435,452: 255,255,255
781,452:   0,  0,  0
882,452: 255,255,255
338,453:   0,  0,  0
436,453: 255,255,255
783,453:   0,  0,  0
884,453: 255,255,255
340,454:   0,  0,  0
438,454: 255,255,255
785,454:   0,  0,  0
885,454: 255,255,255
342,455:   0,  0,  0
440,455: 255,255,255
787,455:   0,  0,  0
887,455: 255,255,255
343,456:   0,  0,  0
441,456: 255,255,255
788,456:   0,  0,  0
888,456: 255,255,255
344,457:   0,  0,  0
443,457: 255,255,255
790,457:   0,  0,  0
889,457: 255,255,255
346,458:   0,  0,  0
444,458: 255,255,255
791,458:   0,  0,  0
891,458: 255,255,255
347,459:   0,  0,  0
445,459: 255,255,255
793,459:   0,  0,  0
893,459: 255,255,255
349,460:   0,  0,  0
447,460: 255,255,255
794,460:   0,  0,  0
894,460: 255,255,255
351,461:   0,  0,  0
449,461: 255,255,255
795,461:   0,  0,  0
896,461: 255,255,255
352,462:   0,  0,  0
450,462: 255,255,255
796,462:   0,  0,  0
897,462: 255,255,255
353,463:   0,  0,  0
452,463: 255,255,255
797,463:   0,  0,  0
898,463: 255,255,255
355,464:   0,  0,  0
453,464: 255,255,255
799,464:   0,  0,  0
900,464: 255,255,255
356,465:   0,  0,  0
454,465: 255,255,255
800,465:   0,  0,  0
902,465: 255,255,255
358,466:   0,  0,  0
456,466: 255,255,255
802,466:   0,  0,  0
903,466: 255,255,255
359,467:   0,  0,  0
458,467: 255,255,255
804,467:   0,  0,  0
905,467: 255,255,255
360,468:   0,  0,  0
459,468: 255,255,255
805,468:   0,  0,  0
906,468: 255,255,255
361,469:   0,  0,  0
461,469: 255,255,255
806,469:   0,  0,  0
907,469: 255,255,255
362,470:   0,  0,  0
462,470: 255,255,255
808,470:   0,  0,  0
909,470: 255,255,255
364,471:   0,  0,  0
463,471: 255,255,255
809,471:   0,  0,  0
911,471: 255,255,255
365,472:   0,  0,  0
464,472: 255,255,255
811,472:   0,  0,  0
912,472: 255,255,255
367,473:   0,  0,  0
465,473: 255,255,255
813,473:   0,  0,  0
914,473: 255,255,255
369,474:   0,  0,  0
467,474: 255,255,255
814,474:   0,  0,  0
915,474: 255,255,255
370,475:   0,  0,  0
468,475: 255,255,255
815,475:   0,  0,  0
916,475: 255,255,255
371,476:   0,  0,  0
470,476: 255,255,255
817,476:   0,  0,  0
917,476: 255,255,255
373,477:   0,  0,  0
471,477: 255,255,255
818,477:   0,  0,  0
918,477: 255,255,255
374,478:   0,  0,  0
472,478: 255,255,255
820,478:   0,  0,  0
920,478: 255,255,255
376,479:   0,  0,  0
474,479: 255,255,255
822,479:   0,  0,  0
921,479: 255,255,255
378,480:   0,  0,  0
476,480: 255,255,255
823,480:   0,  0,  0
923,480: 255,255,255
379,481:   0,  0,  0
477,481: 255,255,255
824,481:   0,  0,  0
924,481: 255,255,255
380,482:   0,  0,  0
479,482: 255,255,255
826,482:   0,  0,  0
926,482: 255,255,255
382,483:   0,  0,  0
480,483: 255,255,255
827,483:   0,  0,  0
928,483: 255,255,255
383,484:   0,  0,  0
481,484: 255,255,255
829,484:   0,  0,  0
930,484: 255,255,255
385,485:   0,  0,  0
483,485: 255,255,255
831,485:   0,  0,  0
931,485: 255,255,255
387,486:   0,  0,  0
485,486: 255,255,255
832,486:   0,  0,  0
933,486: 255,255,255
388,487:   0,  0,  0
486,487: 255,255,255
833,487:   0,  0,  0
934,487: 255,255,255
389,488:   0,  0,  0
488,488: 255,255,255
835,488:   0,  0,  0
935,488: 255,255,255
391,489:   0,  0,  0
489,489: 255,255,255
836,489:   0,  0,  0
937,489: 255,255,255
392,490:   0,  0,  0
490,490: 255,255,255
838,490:   0,  0,  0
939,490: 255,255,255
394,491:   0,  0,  0
492,491: 255,255,255
840,491:   0,  0,  0
940,491: 255,255,255
396,492:   0,  0,  0
494,492: 255,255,255
842,492:   0,  0,  0
942,492: 255,255,255
397,493:   0,  0,  0
495,493: 255,255,255
843,493:   0,  0,  0
943,493: 255,255,255
398,494:   0,  0,  0
497,494: 255,255,255
845,494:   0,  0,  0
944,494: 255,255,255
399,495:   0,  0,  0
498,495: 255,255,255
846,495:   0,  0,  0
946,495: 255,255,255
401,496:   0,  0,  0
499,496: 255,255,255
848,496:   0,  0,  0
948,496: 255,255,255
402,497:   0,  0,  0
500,497: 255,255,255
850,497:   0,  0,  0
949,497: 255,255,255
404,498:   0,  0,  0
501,498: 255,255,255
851,498:   0,  0,  0
951,498: 255,255,255
406,499:   0,  0,  0
503,499: 255,255,255
852,499:   0,  0,  0
952,499: 255,255,255
407,500:   0,  0,  0
504,500: 255,255,255
854,500:   0,  0,  0
953,500: 255,255,255
408,501:   0,  0,  0
506,501: 255,255,255
855,501:   0,  0,  0
955,501: 255,255,255
410,502:   0,  0,  0
507,502: 255,255,255
857,502:   0,  0,  0
957,502: 255,255,255
411,503:   0,  0,  0
508,503: 255,255,255
859,503:   0,  0,  0
958,503: 255,255,255
413,504:   0,  0,  0
510,504: 255,255,255
860,504:   0,  0,  0
960,504: 255,255,255
415,505:   0,  0,  0
512,505: 255,255,255
861,505:   0,  0,  0
961,505: 255,255,255
416,506:   0,  0,  0
513,506: 255,255,255
863,506:   0,  0,  0
962,506: 255,255,255
417,507:   0,  0,  0
515,507: 255,255,255
864,507:   0,  0,  0
964,507: 255,255,255
419,508:   0,  0,  0
516,508: 255,255,255
866,508:   0,  0,  0
966,508: 255,255,255
420,509:   0,  0,  0
517,509: 255,255,255
868,509:   0,  0,  0
967,509: 255,255,255
422,510:   0,  0,  0
519,510: 255,255,255
869,510:   0,  0,  0
969,510: 255,255,255
424,511:   0,  0,  0
521,511: 255,255,255
870,511:   0,  0,  0
970,511: 255,255,255
425,512:   0,  0,  0
522,512: 255,255,255
872,512:   0,  0,  0
971,512: 255,255,255
426,513:   0,  0,  0
524,513: 255,255,255
873,513:   0,  0,  0
973,513: 255,255,255
428,514:   0,  0,  0
525,514: 255,255,255
875,514:   0,  0,  0
975,514: 255,255,255
429,515:   0,  0,  0
526,515: 255,255,255
877,515:   0,  0,  0
976,515: 255,255,255
431,516:   0,  0,  0
528,516: 255,255,255
878,516:   0,  0,  0
978,516: 255,255,255
432,517:   0,  0,  0
530,517: 255,255,255
879,517:   0,  0,  0
979,517: 255,255,255
433,518:   0,  0,  0
531,518: 255,255,255
881,518:   0,  0,  0
980,518: 255,255,255
434,519:   0,  0,  0
533,519: 255,255,255
882,519:   0,  0,  0
982,519: 255,255,255
435,520:   0,  0,  0
534,520: 255,255,255
884,520:   0,  0,  0
984,520: 255,255,255
437,521:   0,  0,  0
535,521: 255,255,255
885,521:   0,  0,  0
985,521: 255,255,255
438,522:   0,  0,  0
536,522: 255,255,255
886,522:   0,  0,  0
987,522: 255,255,255
440,523:   0,  0,  0
537,523: 255,255,255
887,523:   0,  0,  0
988,523: 255,255,255
442,524:   0,  0,  0
539,524: 255,255,255
888,524:   0,  0,  0
990,524: 255,255,255
443,525:   0,  0,  0
540,525: 255,255,255
890,525:   0,  0,  0
992,525: 255,255,255
444,526:   0,  0,  0
542,526: 255,255,255
891,526:   0,  0,  0
994,526: 255,255,255
446,527:   0,  0,  0
543,527: 255,255,255
893,527:   0,  0,  0
995,527: 255,255,255
447,528:   0,  0,  0
544,528: 255,255,255
895,528:   0,  0,  0
997,528: 255,255,255
449,529:   0,  0,  0
546,529: 255,255,255
897,529:   0,  0,  0
998,529: 255,255,255
451,530:   0,  0,  0
548,530: 255,255,255
898,530:   0,  0,  0
999,530: 255,255,255
452,531:   0,  0,  0
549,531: 255,255,255
900,531:   0,  0,  0
1001,531: 255,255,255
453,532:   0,  0,  0
551,532: 255,255,255
901,532:   0,  0,  0
1003,532: 255,255,255
455,533:   0,  0,  0
552,533: 255,255,255
903,533:   0,  0,  0
1004,533: 255,255,255
456,534:   0,  0,  0
553,534: 255,255,255
905,534:   0,  0,  0
1006,534: 255,255,255
458,535:   0,  0,  0
555,535: 255,255,255
906,535:   0,  0,  0
1007,535: 255,255,255
460,536:   0,  0,  0
557,536: 255,255,255
907,536:   0,  0,  0
1008,536: 255,255,255
461,537:   0,  0,  0
558,537: 255,255,255
909,537:   0,  0,  0
1009,537: 255,255,255
462,538:   0,  0,  0
560,538: 255,255,255
910,538:   0,  0,  0
1010,538: 255,255,255
464,539:   0,  0,  0
561,539: 255,255,255
912,539:   0,  0,  0
1012,539: 255,255,255
465,540:   0,  0,  0
562,540: 255,255,255
914,540:   0,  0,  0
1013,540: 255,255,255
467,541:   0,  0,  0
564,541: 255,255,255
915,541:   0,  0,  0
1015,541: 255,255,255
468,542:   0,  0,  0
566,542: 255,255,255
916,542:   0,  0,  0
1016,542: 255,255,255
469,543:   0,  0,  0
567,543: 255,255,255
918,543:   0,  0,  0
1017,543: 255,255,255
470,544:   0,  0,  0
569,544: 255,255,255
919,544:   0,  0,  0
1019,544: 255,255,255
471,545:   0,  0,  0
570,545: 255,255,255
921,545:   0,  0,  0
1021,545: 255,255,255
473,546:   0,  0,  0
571,546: 255,255,255
923,546:   0,  0,  0
1022,546: 255,255,255
474,547:   0,  0,  0
572,547: 255,255,255
924,547:   0,  0,  0
1024,547: 255,255,255
476,548:   0,  0,  0
573,548: 255,255,255
925,548:   0,  0,  0
1025,548: 255,255,255
478,549:   0,  0,  0
575,549: 255,255,255
927,549:   0,  0,  0
1026,549: 255,255,255
479,550:   0,  0,  0
576,550: 255,255,255
928,550:   0,  0,  0
1028,550: 255,255,255
480,551:   0,  0,  0
578,551: 255,255,255
930,551:   0,  0,  0
1030,551: 255,255,255
482,552:   0,  0,  0
579,552: 255,255,255
932,552:   0,  0,  0
1031,552: 255,255,255
483,553:   0,  0,  0
580,553: 255,255,255
933,553:   0,  0,  0
1033,553: 255,255,255
485,554:   0,  0,  0
582,554: 255,255,255
934,554:   0,  0,  0
1034,554: 255,255,255
487,555:   0,  0,  0
584,555: 255,255,255
936,555:   0,  0,  0
1035,555: 255,255,255
488,556:   0,  0,  0
585,556: 255,255,255
937,556:   0,  0,  0
1037,556: 255,255,255
489,557:   0,  0,  0
587,557: 255,255,255
939,557:   0,  0,  0
1039,557: 255,255,255
491,558:   0,  0,  0
588,558: 255,255,255
941,558:   0,  0,  0
1040,558: 255,255,255
492,559:   0,  0,  0
589,559: 255,255,255
942,559:   0,  0,  0
1042,559: 255,255,255
494,560:   0,  0,  0
591,560: 255,255,255
943,560:   0,  0,  0
1043,560: 255,255,255
496,561:   0,  0,  0
593,561: 255,255,255
945,561:   0,  0,  0
1045,561: 255,255,255
497,562:   0,  0,  0
594,562: 255,255,255
946,562:   0,  0,  0
1047,562: 255,255,255
498,563:   0,  0,  0
596,563: 255,255,255
948,563:   0,  0,  0
1049,563: 255,255,255
500,564:   0,  0,  0
597,564: 255,255,255
950,564:   0,  0,  0
1050,564: 255,255,255
501,565:   0,  0,  0
598,565: 255,255,255
951,565:   0,  0,  0
1052,565: 255,255,255
503,566:   0,  0,  0
600,566: 255,255,255
952,566:   0,  0,  0
1053,566: 255,255,255
504,567:   0,  0,  0
602,567: 255,255,255
954,567:   0,  0,  0
1054,567: 255,255,255
505,568:   0,  0,  0
603,568: 255,255,255
955,568:   0,  0,  0
1056,568: 255,255,255
506,569:   0,  0,  0
605,569: 255,255,255
957,569:   0,  0,  0
1058,569: 255,255,255
507,570:   0,  0,  0
606,570: 255,255,255
959,570:   0,  0,  0
1059,570: 255,255,255
509,571:   0,  0,  0
607,571: 255,255,255
961,571:   0,  0,  0
1061,571: 255,255,255
510,572:   0,  0,  0
608,572: 255,255,255
962,572:   0,  0,  0
1062,572: 255,255,255
512,573:   0,  0,  0
609,573: 255,255,255
964,573:   0,  0,  0
1063,573: 255,255,255
514,574:   0,  0,  0
611,574: 255,255,255
965,574:   0,  0,  0
1065,574: 255,255,255
515,575:   0,  0,  0
612,575: 255,255,255
967,575:   0,  0,  0
1067,575: 255,255,255
516,576:   0,  0,  0
614,576: 255,255,255
969,576:   0,  0,  0
1068,576: 255,255,255
518,577:   0,  0,  0
615,577: 255,255,255
970,577:   0,  0,  0
1070,577: 255,255,255
519,578:   0,  0,  0
617,578: 255,255,255
971,578:   0,  0,  0
1071,578: 255,255,255
521,579:   0,  0,  0
619,579: 255,255,255
973,579:   0,  0,  0
1072,579: 255,255,255
523,580:   0,  0,  0
621,580: 255,255,255
974,580:   0,  0,  0
1074,580: 255,255,255
524,581:   0,  0,  0
622,581: 255,255,255
976,581:   0,  0,  0
1076,581: 255,255,255
525,582:   0,  0,  0
624,582: 255,255,255
977,582:   0,  0,  0
1077,582: 255,255,255
527,583:   0,  0,  0
625,583: 255,255,255
978,583:   0,  0,  0
1079,583: 255,255,255
528,584:   0,  0,  0
626,584: 255,255,255
979,584:   0,  0,  0
1080,584: 255,255,255
530,585:   0,  0,  0
628,585: 255,255,255
980,585:   0,  0,  0
1081,585: 255,255,255
532,586:   0,  0,  0
630,586: 255,255,255
982,586:   0,  0,  0
1083,586: 255,255,255
533,587:   0,  0,  0
631,587: 255,255,255
983,587:   0,  0,  0
1085,587: 255,255,255
534,588:   0,  0,  0
633,588: 255,255,255
985,588:   0,  0,  0
1086,588: 255,255,255
536,589:   0,  0,  0
634,589: 255,255,255
987,589:   0,  0,  0
1088,589: 255,255,255
537,590:   0,  0,  0
635,590: 255,255,255
988,590:   0,  0,  0
1089,590: 255,255,255
539,591:   0,  0,  0
636,591: 255,255,255
989,591:   0,  0,  0
1090,591: 255,255,255
540,592:   0,  0,  0
637,592: 255,255,255
991,592:   0,  0,  0
1092,592: 255,255,255
541,593:   0,  0,  0
639,593: 255,255,255
992,593:   0,  0,  0
1094,593: 255,255,255
542,594:   0,  0,  0
640,594: 255,255,255
994,594:   0,  0,  0
1095,594: 255,255,255
543,595:   0,  0,  0
642,595: 255,255,255
996,595:   0,  0,  0
1097,595: 255,255,255
545,596:   0,  0,  0
643,596: 255,255,255
997,596:   0,  0,  0
1098,596: 255,255,255
546,597:   0,  0,  0
644,597: 255,255,255
998,597:   0,  0,  0
1100,597: 255,255,255
548,598:   0,  0,  0
646,598: 255,255,255
1000,598:   0,  0,  0
1102,598: 255,255,255
550,599:   0,  0,  0
648,599: 255,255,255
1001,599:   0,  0,  0
1104,599: 255,255,255
551,600:   0,  0,  0
649,600: 255,255,255
1003,600:   0,  0,  0
1105,600: 255,255,255
552,601:   0,  0,  0
651,601: 255,255,255
1005,601:   0,  0,  0
1107,601: 255,255,255
554,602:   0,  0,  0
652,602: 255,255,255
1006,602:   0,  0,  0
1108,602: 255,255,255
555,603:   0,  0,  0
653,603: 255,255,255
1007,603:   0,  0,  0
1109,603: 255,255,255
557,604:   0,  0,  0
655,604: 255,255,255
1009,604:   0,  0,  0
1110,604: 255,255,255
559,605:   0,  0,  0
657,605: 255,255,255
1010,605:   0,  0,  0
1111,605: 255,255,255
560,606:   0,  0,  0
658,606: 255,255,255
1012,606:   0,  0,  0
1113,606: 255,255,255
561,607:   0,  0,  0
660,607: 255,255,255
1014,607:   0,  0,  0
1114,607: 255,255,255
563,608:   0,  0,  0
661,608: 255,255,255
1016,608:   0,  0,  0
1116,608: 255,255,255
564,609:   0,  0,  0
662,609: 255,255,255
1017,609:   0,  0,  0
1117,609: 255,255,255
566,610:   0,  0,  0
664,610: 255,255,255
1019,610:   0,  0,  0
1118,610: 255,255,255
568,611:   0,  0,  0
666,611: 255,255,255
1020,611:   0,  0,  0
1120,611: 255,255,255
569,612:   0,  0,  0
667,612: 255,255,255
1022,612:   0,  0,  0
1122,612: 255,255,255
570,613:   0,  0,  0
669,613: 255,255,255
1024,613:   0,  0,  0
1123,613: 255,255,255
572,614:   0,  0,  0
670,614: 255,255,255
1025,614:   0,  0,  0
1125,614: 255,255,255
573,615:   0,  0,  0
671,615: 255,255,255
1026,615:   0,  0,  0
1126,615: 255,255,255
575,616:   0,  0,  0
672,616: 255,255,255
1028,616:   0,  0,  0
1127,616: 255,255,255
576,617:   0,  0,  0
673,617: 255,255,255
1029,617:   0,  0,  0
1129,617: 255,255,255
577,618:   0,  0,  0
675,618: 255,255,255
1031,618:   0,  0,  0
1131,618: 255,255,255
578,619:   0,  0,  0
676,619: 255,255,255
1033,619:   0,  0,  0
1132,619: 255,255,255
579,620:   0,  0,  0
678,620: 255,255,255
1034,620:   0,  0,  0
1134,620: 255,255,255
581,621:   0,  0,  0
679,621: 255,255,255
1035,621:   0,  0,  0
1135,621: 255,255,255
582,622:   0,  0,  0
680,622: 255,255,255
1037,622:   0,  0,  0
1136,622: 255,255,255
584,623:   0,  0,  0
682,623: 255,255,255
1038,623:   0,  0,  0
1138,623: 255,255,255
586,624:   0,  0,  0
684,624: 255,255,255
1040,624:   0,  0,  0
1140,624: 255,255,255
588,625:   0,  0,  0
685,625: 255,255,255
1042,625:   0,  0,  0
1141,625: 255,255,255
589,626:   0,  0,  0
687,626: 255,255,255
1043,626:   0,  0,  0
1143,626: 255,255,255
591,627:   0,  0,  0
688,627: 255,255,255
1044,627:   0,  0,  0
1144,627: 255,255,255
592,628:   0,  0,  0
689,628: 255,255,255
1046,628:   0,  0,  0
1145,628: 255,255,255
594,629:   0,  0,  0
691,629: 255,255,255
1047,629:   0,  0,  0
1147,629: 255,255,255
596,630:   0,  0,  0
693,630: 255,255,255
1049,630:   0,  0,  0
1149,630: 255,255,255
597,631:   0,  0,  0
694,631: 255,255,255
1051,631:   0,  0,  0
1150,631: 255,255,255
598,632:   0,  0,  0
696,632: 255,255,255
1052,632:   0,  0,  0
1152,632: 255,255,255
600,633:   0,  0,  0
697,633: 255,255,255
1053,633:   0,  0,  0
1153,633: 255,255,255
601,634:   0,  0,  0
698,634: 255,255,255
1055,634:   0,  0,  0
1154,634: 255,255,255
603,635:   0,  0,  0
700,635: 255,255,255
1056,635:   0,  0,  0
1156,635: 255,255,255
604,636:   0,  0,  0
702,636: 255,255,255
1058,636:   0,  0,  0
1158,636: 255,255,255
605,637:   0,  0,  0
703,637: 255,255,255
1060,637:   0,  0,  0
1159,637: 255,255,255
606,638:   0,  0,  0
705,638: 255,255,255
1061,638:   0,  0,  0
1161,638: 255,255,255
607,639:   0,  0,  0
706,639: 255,255,255
1062,639:   0,  0,  0
1162,639: 255,255,255
609,640:   0,  0,  0
707,640: 255,255,255
1064,640:   0,  0,  0
1164,640: 255,255,255
610,641:   0,  0,  0
708,641: 255,255,255
1065,641:   0,  0,  0
1166,641: 255,255,255
612,642:   0,  0,  0
709,642: 255,255,255
1067,642:   0,  0,  0
1168,642: 255,255,255
614,643:   0,  0,  0
711,643: 255,255,255
1069,643:   0,  0,  0
1169,643: 255,255,255
615,644:   0,  0,  0
712,644: 255,255,255
1071,644:   0,  0,  0
1171,644: 255,255,255
616,645:   0,  0,  0
714,645: 255,255,255
1072,645:   0,  0,  0
1172,645: 255,255,255
618,646:   0,  0,  0
715,646: 255,255,255
1074,646:   0,  0,  0
1173,646: 255,255,255
619,647:   0,  0,  0
716,647: 255,255,255
1075,647:   0,  0,  0
1175,647: 255,255,255
621,648:   0,  0,  0
718,648: 255,255,255
1077,648:   0,  0,  0
1177,648: 255,255,255
623,649:   0,  0,  0
720,649: 255,255,255
1078,649:   0,  0,  0
1178,649: 255,255,255
624,650:   0,  0,  0
721,650: 255,255,255
1079,650:   0,  0,  0
1180,650: 255,255,255
625,651:   0,  0,  0
723,651: 255,255,255
1080,651:   0,  0,  0
1181,651: 255,255,255
627,652:   0,  0,  0
724,652: 255,255,255
1081,652:   0,  0,  0
1182,652: 255,255,255
628,653:   0,  0,  0
725,653: 255,255,255
1083,653:   0,  0,  0
1184,653: 255,255,255
630,654:   0,  0,  0
727,654: 255,255,255
1084,654:   0,  0,  0
1186,654: 255,255,255
632,655:   0,  0,  0
729,655: 255,255,255
1086,655:   0,  0,  0
1187,655: 255,255,255
633,656:   0,  0,  0
730,656: 255,255,255
1088,656:   0,  0,  0
1189,656: 255,255,255
634,657:   0,  0,  0
732,657: 255,255,255
1089,657:   0,  0,  0
1190,657: 255,255,255
636,658:   0,  0,  0
733,658: 255,255,255
1090,658:   0,  0,  0
1191,658: 255,255,255
637,659:   0,  0,  0
734,659: 255,255,255
1092,659:   0,  0,  0
1193,659: 255,255,255
639,660:   0,  0,  0
736,660: 255,255,255
1093,660:   0,  0,  0
1195,660: 255,255,255
640,661:   0,  0,  0
738,661: 255,255,255
1095,661:   0,  0,  0
1196,661: 255,255,255
641,662:   0,  0,  0
739,662: 255,255,255
1097,662:   0,  0,  0
1198,662: 255,255,255
642,663:   0,  0,  0
741,663: 255,255,255
1098,663:   0,  0,  0
1199,663: 255,255,255
643,664:   0,  0,  0
742,664: 255,255,255
1099,664:   0,  0,  0
1200,664: 255,255,255
645,665:   0,  0,  0
743,665: 255,255,255
1101,665:   0,  0,  0
1201,665: 255,255,255
646,666:   0,  0,  0
744,666: 255,255,255
1102,666:   0,  0,  0
1202,666: 255,255,255
648,667:   0,  0,  0
745,667: 255,255,255
1104,667:   0,  0,  0
1204,667: 255,255,255
650,668:   0,  0,  0
747,668: 255,255,255
1106,668:   0,  0,  0
1205,668: 255,255,255
651,669:   0,  0,  0
748,669: 255,255,255
1107,669:   0,  0,  0
1207,669: 255,255,255
652,670:   0,  0,  0
750,670: 255,255,255
1108,670:   0,  0,  0
1208,670: 255,255,255
654,671:   0,  0,  0
751,671: 255,255,255
1110,671:   0,  0,  0
1209,671: 255,255,255
655,672:   0,  0,  0
752,672: 255,255,255
1111,672:   0,  0,  0
1211,672: 255,255,255
657,673:   0,  0,  0
754,673: 255,255,255
1113,673:   0,  0,  0
1213,673: 255,255,255
659,674:   0,  0,  0
756,674: 255,255,255
1115,674:   0,  0,  0
1214,674: 255,255,255
660,675:   0,  0,  0
757,675: 255,255,255
1116,675:   0,  0,  0
1216,675: 255,255,255
661,676:   0,  0,  0
759,676: 255,255,255
1117,676:   0,  0,  0
1217,676: 255,255,255
663,677:   0,  0,  0
760,677: 255,255,255
1119,677:   0,  0,  0
1219,677: 255,255,255
664,678:   0,  0,  0
761,678: 255,255,255
1120,678:   0,  0,  0
1221,678: 255,255,255
666,679:   0,  0,  0
763,679: 255,255,255
1122,679:   0,  0,  0
1223,679: 255,255,255
668,680:   0,  0,  0
765,680: 255,255,255
1124,680:   0,  0,  0
1224,680: 255,255,255
669,681:   0,  0,  0
766,681: 255,255,255
1125,681:   0,  0,  0
1226,681: 255,255,255
670,682:   0,  0,  0
768,682: 255,255,255
1126,682:   0,  0,  0
1227,682: 255,255,255
672,683:   0,  0,  0
769,683: 255,255,255
1128,683:   0,  0,  0
1228,683: 255,255,255
673,684:   0,  0,  0
770,684: 255,255,255
1129,684:   0,  0,  0
1230,684: 255,255,255
675,685:   0,  0,  0
772,685: 255,255,255
1131,685:   0,  0,  0
1232,685: 255,255,255
676,686:   0,  0,  0
774,686: 255,255,255
1133,686:   0,  0,  0
1233,686: 255,255,255
677,687:   0,  0,  0
775,687: 255,255,255
1135,687:   0,  0,  0
1235,687: 255,255,255
678,688:   0,  0,  0
777,688: 255,255,255
1136,688:   0,  0,  0
1236,688: 255,255,255
679,689:   0,  0,  0
778,689: 255,255,255
1138,689:   0,  0,  0
1237,689: 255,255,255
681,690:   0,  0,  0
779,690: 255,255,255
1139,690:   0,  0,  0
1239,690: 255,255,255
682,691:   0,  0,  0
780,691: 255,255,255
1141,691:   0,  0,  0
1241,691: 255,255,255
684,692:   0,  0,  0
781,692: 255,255,255
1143,692:   0,  0,  0
1242,692: 255,255,255
686,693:   0,  0,  0
783,693: 255,255,255
1144,693:   0,  0,  0
1244,693: 255,255,255
687,694:   0,  0,  0
784,694: 255,255,255
1145,694:   0,  0,  0
1245,694: 255,255,255
688,695:   0,  0,  0
786,695: 255,255,255
1147,695:   0,  0,  0
1246,695: 255,255,255
690,696:   0,  0,  0
787,696: 255,255,255
1148,696:   0,  0,  0
1248,696: 255,255,255
691,697:   0,  0,  0
788,697: 255,255,255
1150,697:   0,  0,  0
1250,697: 255,255,255
693,698:   0,  0,  0
790,698: 255,255,255
1152,698:   0,  0,  0
1251,698: 255,255,255
695,699:   0,  0,  0
792,699: 255,255,255
1153,699:   0,  0,  0
1253,699: 255,255,255
696,700:   0,  0,  0
793,700: 255,255,255
1154,700:   0,  0,  0
1254,700: 255,255,255
697,701:   0,  0,  0
795,701: 255,255,255
1156,701:   0,  0,  0
1255,701: 255,255,255
699,702:   0,  0,  0
796,702: 255,255,255
1157,702:   0,  0,  0
1257,702: 255,255,255
700,703:   0,  0,  0
797,703: 255,255,255
1159,703:   0,  0,  0
1259,703: 255,255,255
702,704:   0,  0,  0
799,704: 255,255,255
1161,704:   0,  0,  0
1260,704: 255,255,255
704,705:   0,  0,  0
801,705: 255,255,255
1162,705:   0,  0,  0
1262,705: 255,255,255
705,706:   0,  0,  0
802,706: 255,255,255
1163,706:   0,  0,  0
1263,706: 255,255,255
706,707:   0,  0,  0
804,707: 255,255,255
1165,707:   0,  0,  0
1264,707: 255,255,255
708,708:   0,  0,  0
805,708: 255,255,255
1166,708:   0,  0,  0
1266,708: 255,255,255
709,709:   0,  0,  0
807,709: 255,255,255
1168,709:   0,  0,  0
1268,709: 255,255,255
711,710:   0,  0,  0
809,710: 255,255,255
1169,710:   0,  0,  0
1269,710: 255,255,255
712,711:   0,  0,  0
811,711: 255,255,255
1170,711:   0,  0,  0
1271,711: 255,255,255
713,712:   0,  0,  0
812,712: 255,255,255
1171,712:   0,  0,  0
1272,712: 255,255,255
714,713:   0,  0,  0
814,713: 255,255,255
1172,713:   0,  0,  0
1273,713: 255,255,255
715,714:   0,  0,  0
815,714: 255,255,255
1174,714:   0,  0,  0
1275,714: 255,255,255
717,715:   0,  0,  0
816,715: 255,255,255
1175,715:   0,  0,  0
1277,715: 255,255,255
718,716:   0,  0,  0
817,716: 255,255,255
1177,716:   0,  0,  0
1278,716: 255,255,255
720,717:   0,  0,  0
818,717: 255,255,255
1179,717:   0,  0,  0
1280,717: 255,255,255
722,718:   0,  0,  0
820,718: 255,255,255
1180,718:   0,  0,  0
1281,718: 255,255,255
723,719:   0,  0,  0
821,719: 255,255,255
1181,719:   0,  0,  0
1283,719: 255,255,255
724,720:   0,  0,  0
823,720: 255,255,255
1183,720:   0,  0,  0
1285,720: 255,255,255
726,721:   0,  0,  0
824,721: 255,255,255
1184,721:   0,  0,  0
1287,721: 255,255,255
727,722:   0,  0,  0
825,722: 255,255,255
1186,722:   0,  0,  0
1288,722: 255,255,255
729,723:   0,  0,  0
827,723: 255,255,255
1188,723:   0,  0,  0
1290,723: 255,255,255
731,724:   0,  0,  0
829,724: 255,255,255
1190,724:   0,  0,  0
1291,724: 255,255,255
732,725:   0,  0,  0
830,725: 255,255,255
1191,725:   0,  0,  0
1292,725: 255,255,255
733,726:   0,  0,  0
832,726: 255,255,255
1193,726:   0,  0,  0
1294,726: 255,255,255
735,727:   0,  0,  0
833,727: 255,255,255
1194,727:   0,  0,  0
1296,727: 255,255,255
736,728:   0,  0,  0
834,728: 255,255,255
1196,728:   0,  0,  0
1297,728: 255,255,255
738,729:   0,  0,  0
836,729: 255,255,255
1198,729:   0,  0,  0
1299,729: 255,255,255
740,730:   0,  0,  0
838,730: 255,255,255
1199,730:   0,  0,  0
1300,730: 255,255,255
741,731:   0,  0,  0
839,731: 255,255,255
1200,731:   0,  0,  0
1301,731: 255,255,255
742,732:   0,  0,  0
841,732: 255,255,255
1202,732:   0,  0,  0
1302,732: 255,255,255
744,733:   0,  0,  0
842,733: 255,255,255
1203,733:   0,  0,  0
1303,733: 255,255,255
745,734:   0,  0,  0
843,734: 255,255,255
1205,734:   0,  0,  0
1305,734: 255,255,255
747,735:   0,  0,  0
845,735: 255,255,255
1207,735:   0,  0,  0
1306,735: 255,255,255
748,736:   0,  0,  0
847,736: 255,255,255
1208,736:   0,  0,  0
1308,736: 255,255,255
749,737:   0,  0,  0
848,737: 255,255,255
1209,737:   0,  0,  0
1309,737: 255,255,255
750,738:   0,  0,  0
850,738: 255,255,255
1211,738:   0,  0,  0
1310,738: 255,255,255
751,739:   0,  0,  0
851,739: 255,255,255
1212,739:   0,  0,  0
1312,739: 255,255,255
753,740:   0,  0,  0
852,740: 255,255,255
1214,740:   0,  0,  0
1314,740: 255,255,255
754,741:   0,  0,  0
853,741: 255,255,255
1216,741:   0,  0,  0
1315,741: 255,255,255
756,742:   0,  0,  0
854,742: 255,255,255
1217,742:   0,  0,  0
1317,742: 255,255,255
758,743:   0,  0,  0
856,743: 255,255,255
1218,743:   0,  0,  0
1318,743: 255,255,255
759,744:   0,  0,  0
857,744: 255,255,255
1220,744:   0,  0,  0
1319,744: 255,255,255
760,745:   0,  0,  0
859,745: 255,255,255
1221,745:   0,  0,  0
1321,745: 255,255,255
762,746:   0,  0,  0
860,746: 255,255,255
1223,746:   0,  0,  0
1323,746: 255,255,255
763,747:   0,  0,  0
861,747: 255,255,255
1225,747:   0,  0,  0
1324,747: 255,255,255
765,748:   0,  0,  0
863,748: 255,255,255
1226,748:   0,  0,  0
1326,748: 255,255,255
767,749:   0,  0,  0
865,749: 255,255,255
1227,749:   0,  0,  0
1327,749: 255,255,255
768,750:   0,  0,  0
866,750: 255,255,255
1229,750:   0,  0,  0
1328,750: 255,255,255
769,751:   0,  0,  0
868,751: 255,255,255
1230,751:   0,  0,  0
1330,751: 255,255,255
771,752:   0,  0,  0
869,752: 255,255,255
1232,752:   0,  0,  0
1332,752: 255,255,255
772,753:   0,  0,  0
870,753: 255,255,255
1234,753:   0,  0,  0
1333,753: 255,255,255
774,754:   0,  0,  0
872,754: 255,255,255
1235,754:   0,  0,  0
1335,754: 255,255,255
776,755:   0,  0,  0
874,755: 255,255,255
1236,755:   0,  0,  0
1336,755: 255,255,255
778,756:   0,  0,  0
875,756: 255,255,255
1238,756:   0,  0,  0
1338,756: 255,255,255
779,757:   0,  0,  0
877,757: 255,255,255
1239,757:   0,  0,  0
1340,757: 255,255,255
781,758:   0,  0,  0
878,758: 255,255,255
1241,758:   0,  0,  0
1342,758: 255,255,255
782,759:   0,  0,  0
879,759: 255,255,255
1243,759:   0,  0,  0
1343,759: 255,255,255
784,760:   0,  0,  0
881,760: 255,255,255
1244,760:   0,  0,  0
1345,760: 255,255,255
785,761:   0,  0,  0
883,761: 255,255,255
1245,761:   0,  0,  0
1346,761: 255,255,255
786,762:   0,  0,  0
884,762: 255,255,255
1247,762:   0,  0,  0
1347,762: 255,255,255
787,763:   0,  0,  0
886,763: 255,255,255
1248,763:   0,  0,  0
1349,763: 255,255,255
788,764:   0,  0,  0
887,764: 255,255,255
1250,764:   0,  0,  0
1351,764: 255,255,255
790,765:   0,  0,  0
888,765: 255,255,255
1252,765:   0,  0,  0
1352,765: 255,255,255
791,766:   0,  0,  0
889,766: 255,255,255
1254,766:   0,  0,  0
1354,766: 255,255,255
793,767:   0,  0,  0
890,767: 255,255,255
1255,767:   0,  0,  0
1355,767: 255,255,255
795,768:   0,  0,  0
892,768: 255,255,255
1257,768:   0,  0,  0
1356,768: 255,255,255
796,769:   0,  0,  0
893,769: 255,255,255
1258,769:   0,  0,  0
1358,769: 255,255,255
797,770:   0,  0,  0
895,770: 255,255,255
1260,770:   0,  0,  0
1360,770: 255,255,255
799,771:   0,  0,  0
896,771: 255,255,255
1262,771:   0,  0,  0
1361,771: 255,255,255
800,772:   0,  0,  0
897,772: 255,255,255
1263,772:   0,  0,  0
1363,772: 255,255,255
802,773:   0,  0,  0
899,773: 255,255,255
1264,773:   0,  0,  0
1364,773: 255,255,255
804,774:   0,  0,  0
901,774: 255,255,255
1266,774:   0,  0,  0
1365,774: 255,255,255
805,775:   0,  0,  0
902,775: 255,255,255
1267,775:   0,  0,  0
1367,775: 255,255,255
806,776:   0,  0,  0
904,776: 255,255,255
1269,776:   0,  0,  0
1369,776: 255,255,255
808,777:   0,  0,  0
905,777: 255,255,255
1270,777:   0,  0,  0
1370,777: 255,255,255
809,778:   0,  0,  0
906,778: 255,255,255
1271,778:   0,  0,  0
1372,778: 255,255,255
811,779:   0,  0,  0
908,779: 255,255,255
1272,779:   0,  0,  0
1373,779: 255,255,255
813,780:   0,  0,  0
910,780: 255,255,255
1273,780:   0,  0,  0
1374,780: 255,255,255
814,781:   0,  0,  0
911,781: 255,255,255
1275,781:   0,  0,  0
1376,781: 255,255,255
815,782:   0,  0,  0
913,782: 255,255,255
1276,782:   0,  0,  0
1378,782: 255,255,255
817,783:   0,  0,  0
914,783: 255,255,255
1278,783:   0,  0,  0
1379,783: 255,255,255
818,784:   0,  0,  0
915,784: 255,255,255
1280,784:   0,  0,  0
1381,784: 255,255,255
820,785:   0,  0,  0
917,785: 255,255,255
1281,785:   0,  0,  0
1382,785: 255,255,255
821,786:   0,  0,  0
919,786: 255,255,255
1282,786:   0,  0,  0
1383,786: 255,255,255
822,787:   0,  0,  0
920,787: 255,255,255
1284,787:   0,  0,  0
1385,787: 255,255,255
823,788:   0,  0,  0
922,788: 255,255,255
1285,788:   0,  0,  0
1387,788: 255,255,255
824,789:   0,  0,  0
923,789: 255,255,255
1287,789:   0,  0,  0
1388,789: 255,255,255
826,790:   0,  0,  0
924,790: 255,255,255
1289,790:   0,  0,  0
1390,790: 255,255,255
827,791:   0,  0,  0
925,791: 255,255,255
1290,791:   0,  0,  0
1391,791: 255,255,255
829,792:   0,  0,  0
926,792: 255,255,255
1291,792:   0,  0,  0
1392,792: 255,255,255
831,793:   0,  0,  0
928,793: 255,255,255
1293,793:   0,  0,  0
1393,793: 255,255,255
832,794:   0,  0,  0
929,794: 255,255,255
1294,794:   0,  0,  0
1395,794: 255,255,255
833,795:   0,  0,  0
931,795: 255,255,255
1296,795:   0,  0,  0
1397,795: 255,255,255
835,796:   0,  0,  0
932,796: 255,255,255
1298,796:   0,  0,  0
1398,796: 255,255,255
836,797:   0,  0,  0
933,797: 255,255,255
1299,797:   0,  0,  0
1400,797: 255,255,255
838,798:   0,  0,  0
935,798: 255,255,255
1300,798:   0,  0,  0
1401,798: 255,255,255
840,799:   0,  0,  0
937,799: 255,255,255
1302,799:   0,  0,  0
1402,799: 255,255,255
841,800:   0,  0,  0
938,800: 255,255,255
1303,800:   0,  0,  0
1404,800: 255,255,255
842,801:   0,  0,  0
940,801: 255,255,255
1305,801:   0,  0,  0
1406,801: 255,255,255
844,802:   0,  0,  0
941,802: 255,255,255
1307,802:   0,  0,  0
1407,802: 255,255,255
845,803:   0,  0,  0
942,803: 255,255,255
1309,803:   0,  0,  0
1409,803: 255,255,255
847,804:   0,  0,  0
944,804: 255,255,255
1310,804:   0,  0,  0
1410,804: 255,255,255
849,805:   0,  0,  0
946,805: 255,255,255
1312,805:   0,  0,  0
1411,805: 255,255,255
850,806:   0,  0,  0
947,806: 255,255,255
1313,806:   0,  0,  0
1413,806: 255,255,255
851,807:   0,  0,  0
949,807: 255,255,255
1315,807:   0,  0,  0
1415,807: 255,255,255
853,808:   0,  0,  0
950,808: 255,255,255
1317,808:   0,  0,  0
1416,808: 255,255,255
854,809:   0,  0,  0
951,809: 255,255,255
1318,809:   0,  0,  0
1418,809: 255,255,255
856,810:   0,  0,  0
953,810: 255,255,255
1319,810:   0,  0,  0
1419,810: 255,255,255
857,811:   0,  0,  0
955,811: 255,255,255
1321,811:   0,  0,  0
1420,811: 255,255,255
858,812:   0,  0,  0
956,812: 255,255,255
1322,812:   0,  0,  0
1422,812: 255,255,255
859,813:   0,  0,  0
958,813: 255,255,255
1324,813:   0,  0,  0
1424,813: 255,255,255
860,814:   0,  0,  0
959,814: 255,255,255
1326,814:   0,  0,  0
1425,814: 255,255,255
862,815:   0,  0,  0
960,815: 255,255,255
1327,815:   0,  0,  0
1427,815: 255,255,255
863,816:   0,  0,  0
961,816: 255,255,255
1328,816:   0,  0,  0
1428,816: 255,255,255
865,817:   0,  0,  0
962,817: 255,255,255
1330,817:   0,  0,  0
1429,817: 255,255,255
867,818:   0,  0,  0
964,818: 255,255,255
1331,818:   0,  0,  0
1431,818: 255,255,255
868,819:   0,  0,  0
965,819: 255,255,255
1333,819:   0,  0,  0
1433,819: 255,255,255
869,820:   0,  0,  0
967,820: 255,255,255
1335,820:   0,  0,  0
1434,820: 255,255,255
871,821:   0,  0,  0
968,821: 255,255,255
1336,821:   0,  0,  0
1436,821: 255,255,255
872,822:   0,  0,  0
969,822: 255,255,255
1337,822:   0,  0,  0
1437,822: 255,255,255
874,823:   0,  0,  0
971,823: 255,255,255
1339,823:   0,  0,  0
1438,823: 255,255,255
876,824:   0,  0,  0
973,824: 255,255,255
1340,824:   0,  0,  0
1440,824: 255,255,255
877,825:   0,  0,  0
974,825: 255,255,255
1342,825:   0,  0,  0
1442,825: 255,255,255
878,826:   0,  0,  0
976,826: 255,255,255
1344,826:   0,  0,  0
1443,826: 255,255,255
880,827:   0,  0,  0
977,827: 255,255,255
1345,827:   0,  0,  0
1445,827: 255,255,255
881,828:   0,  0,  0
978,828: 255,255,255
1346,828:   0,  0,  0
1446,828: 255,255,255
883,829:   0,  0,  0
980,829: 255,255,255
1348,829:   0,  0,  0
1447,829: 255,255,255
885,830:   0,  0,  0
982,830: 255,255,255
1349,830:   0,  0,  0
1449,830: 255,255,255
886,831:   0,  0,  0
983,831: 255,255,255
1351,831:   0,  0,  0
1451,831: 255,255,255
887,832:   0,  0,  0
985,832: 255,255,255
1353,832:   0,  0,  0
1452,832: 255,255,255
889,833:   0,  0,  0
986,833: 255,255,255
1354,833:   0,  0,  0
1454,833: 255,255,255
890,834:   0,  0,  0
987,834: 255,255,255
1355,834:   0,  0,  0
1455,834: 255,255,255
892,835:   0,  0,  0
988,835: 255,255,255
1357,835:   0,  0,  0
1457,835: 255,255,255
893,836:   0,  0,  0
989,836: 255,255,255
1358,836:   0,  0,  0
1459,836: 255,255,255
894,837:   0,  0,  0
991,837: 255,255,255
1360,837:   0,  0,  0
1461,837: 255,255,255
895,838:   0,  0,  0
992,838: 255,255,255
1362,838:   0,  0,  0
1462,838: 255,255,255
896,839:   0,  0,  0
994,839: 255,255,255
1363,839:   0,  0,  0
1464,839: 255,255,255
898,840:   0,  0,  0
995,840: 255,255,255
1364,840:   0,  0,  0
1465,840: 255,255,255
899,841:   0,  0,  0
997,841: 255,255,255
1365,841:   0,  0,  0
1466,841: 255,255,255
901,842:   0,  0,  0
999,842: 255,255,255
1367,842:   0,  0,  0
1468,842: 255,255,255
903,843:   0,  0,  0
1001,843: 255,255,255
1368,843:   0,  0,  0
1470,843: 255,255,255
904,844:   0,  0,  0
1002,844: 255,255,255
1370,844:   0,  0,  0
1471,844: 255,255,255
905,845:   0,  0,  0
1004,845: 255,255,255
1372,845:   0,  0,  0
1473,845: 255,255,255
907,846:   0,  0,  0
1005,846: 255,255,255
1373,846:   0,  0,  0
1474,846: 255,255,255
908,847:   0,  0,  0
1006,847: 255,255,255
1374,847:   0,  0,  0
1475,847: 255,255,255
910,848:   0,  0,  0
1008,848: 255,255,255
1376,848:   0,  0,  0
1477,848: 255,255,255
912,849:   0,  0,  0
1010,849: 255,255,255
1377,849:   0,  0,  0
1479,849: 255,255,255
913,850:   0,  0,  0
1011,850: 255,255,255
1379,850:   0,  0,  0
1480,850: 255,255,255
914,851:   0,  0,  0
1013,851: 255,255,255
1381,851:   0,  0,  0
1482,851: 255,255,255
916,852:   0,  0,  0
1014,852: 255,255,255
1382,852:   0,  0,  0
1483,852: 255,255,255
917,853:   0,  0,  0
1015,853: 255,255,255
1383,853:   0,  0,  0
1484,853: 255,255,255
919,854:   0,  0,  0
1017,854: 255,255,255
1385,854:   0,  0,  0
1486,854: 255,255,255
921,855:   0,  0,  0
1019,855: 255,255,255
1386,855:   0,  0,  0
1488,855: 255,255,255
922,856:   0,  0,  0
1020,856: 255,255,255
1388,856:   0,  0,  0
1489,856: 255,255,255
923,857:   0,  0,  0
1022,857: 255,255,255
1390,857:   0,  0,  0
1491,857: 255,255,255
925,858:   0,  0,  0
1023,858: 255,255,255
1391,858:   0,  0,  0
1492,858: 255,255,255
926,859:   0,  0,  0
1024,859: 255,255,255
1392,859:   0,  0,  0
1493,859: 255,255,255
928,860:   0,  0,  0
1025,860: 255,255,255
1394,860:   0,  0,  0
1494,860: 255,255,255
929,861:   0,  0,  0
1026,861: 255,255,255
1395,861:   0,  0,  0
1495,861: 255,255,255
930,862:   0,  0,  0
1028,862: 255,255,255
1397,862:   0,  0,  0
1497,862: 255,255,255
931,863:   0,  0,  0
1029,863: 255,255,255
1399,863:   0,  0,  0
1498,863: 255,255,255
932,864:   0,  0,  0
1031,864: 255,255,255
1400,864:   0,  0,  0
1500,864: 255,255,255
934,865:   0,  0,  0
1032,865: 255,255,255
1401,865:   0,  0,  0
1501,865: 255,255,255
935,866:   0,  0,  0
1033,866: 255,255,255
1403,866:   0,  0,  0
1502,866: 255,255,255
937,867:   0,  0,  0
1035,867: 255,255,255
1404,867:   0,  0,  0
1504,867: 255,255,255
939,868:   0,  0,  0
1037,868: 255,255,255
1406,868:   0,  0,  0
1506,868: 255,255,255
940,869:   0,  0,  0
1038,869: 255,255,255
1408,869:   0,  0,  0
1507,869: 255,255,255
941,870:   0,  0,  0
1040,870: 255,255,255
1409,870:   0,  0,  0
1509,870: 255,255,255
943,871:   0,  0,  0
1041,871: 255,255,255
1410,871:   0,  0,  0
1510,871: 255,255,255
944,872:   0,  0,  0
1042,872: 255,255,255
1412,872:   0,  0,  0
1512,872: 255,255,255
946,873:   0,  0,  0
1044,873: 255,255,255
1413,873:   0,  0,  0
1514,873: 255,255,255
948,874:   0,  0,  0
1046,874: 255,255,255
1415,874:   0,  0,  0
1516,874: 255,255,255
949,875:   0,  0,  0
1047,875: 255,255,255
1417,875:   0,  0,  0
1517,875: 255,255,255
950,876:   0,  0,  0
1049,876: 255,255,255
1418,876:   0,  0,  0
1519,876: 255,255,255
952,877:   0,  0,  0
1050,877: 255,255,255
1419,877:   0,  0,  0
1520,877: 255,255,255
953,878:   0,  0,  0
1051,878: 255,255,255
1421,878:   0,  0,  0
1521,878: 255,255,255
955,879:   0,  0,  0
1053,879: 255,255,255
1422,879:   0,  0,  0
1523,879: 255,255,255
956,880:   0,  0,  0
1055,880: 255,255,255
1424,880:   0,  0,  0
1525,880: 255,255,255
957,881:   0,  0,  0
1056,881: 255,255,255
1426,881:   0,  0,  0
1526,881: 255,255,255
958,882:   0,  0,  0
1058,882: 255,255,255
1428,882:   0,  0,  0
1528,882: 255,255,255
959,883:   0,  0,  0
1059,883: 255,255,255
1429,883:   0,  0,  0
1529,883: 255,255,255
961,884:   0,  0,  0
1060,884: 255,255,255
1431,884:   0,  0,  0
1530,884: 255,255,255
962,885:   0,  0,  0
1061,885: 255,255,255
1432,885:   0,  0,  0
1532,885: 255,255,255
964,886:   0,  0,  0
1062,886: 255,255,255
1434,886:   0,  0,  0
1534,886: 255,255,255
966,887:   0,  0,  0
1064,887: 255,255,255
1436,887:   0,  0,  0
1535,887: 255,255,255
968,888:   0,  0,  0
1065,888: 255,255,255
1437,888:   0,  0,  0
1537,888: 255,255,255
969,889:   0,  0,  0
1067,889: 255,255,255
1438,889:   0,  0,  0
1538,889: 255,255,255
971,890:   0,  0,  0
1068,890: 255,255,255
1440,890:   0,  0,  0
1539,890: 255,255,255
972,891:   0,  0,  0
1069,891: 255,255,255
1441,891:   0,  0,  0
1541,891: 255,255,255
974,892:   0,  0,  0
1071,892: 255,255,255
1443,892:   0,  0,  0
1543,892: 255,255,255
976,893:   0,  0,  0
1073,893: 255,255,255
1445,893:   0,  0,  0
1544,893: 255,255,255
977,894:   0,  0,  0
1074,894: 255,255,255
1446,894:   0,  0,  0
1546,894: 255,255,255
978,895:   0,  0,  0
1076,895: 255,255,255
1447,895:   0,  0,  0
1547,895: 255,255,255
980,896:   0,  0,  0
1077,896: 255,255,255
1449,896:   0,  0,  0
1548,896: 255,255,255
981,897:   0,  0,  0
1078,897: 255,255,255
1450,897:   0,  0,  0
1550,897: 255,255,255
983,898:   0,  0,  0
1080,898: 255,255,255
1452,898:   0,  0,  0
1552,898: 255,255,255
985,899:   0,  0,  0
1082,899: 255,255,255
1454,899:   0,  0,  0
1553,899: 255,255,255
986,900:   0,  0,  0
1083,900: 255,255,255
1455,900:   0,  0,  0
1555,900: 255,255,255
987,901:   0,  0,  0
1085,901: 255,255,255
1456,901:   0,  0,  0
1556,901: 255,255,255
989,902:   0,  0,  0
1086,902: 255,255,255
1458,902:   0,  0,  0
1557,902: 255,255,255
990,903:   0,  0,  0
1087,903: 255,255,255
1459,903:   0,  0,  0
1559,903: 255,255,255
992,904:   0,  0,  0
1089,904: 255,255,255
1461,904:   0,  0,  0
1561,904: 255,255,255
993,905:   0,  0,  0
1091,905: 255,255,255
1462,905:   0,  0,  0
1562,905: 255,255,255
994,906:   0,  0,  0
1092,906: 255,255,255
1463,906:   0,  0,  0
1564,906: 255,255,255
995,907:   0,  0,  0
1094,907: 255,255,255
1464,907:   0,  0,  0
1565,907: 255,255,255
996,908:   0,  0,  0
1095,908: 255,255,255
1465,908:   0,  0,  0
1566,908: 255,255,255
998,909:   0,  0,  0
1096,909: 255,255,255
1467,909:   0,  0,  0
1568,909: 255,255,255
999,910:   0,  0,  0
1097,910: 255,255,255
1468,910:   0,  0,  0
1570,910: 255,255,255
1001,911:   0,  0,  0
1098,911: 255,255,255
1470,911:   0,  0,  0
1571,911: 255,255,255
1003,912:   0,  0,  0
1100,912: 255,255,255
1472,912:   0,  0,  0
1573,912: 255,255,255
1004,913:   0,  0,  0
1101,913: 255,255,255
1473,913:   0,  0,  0
1574,913: 255,255,255
1005,914:   0,  0,  0
1103,914: 255,255,255
1474,914:   0,  0,  0
1575,914: 255,255,255
1007,915:   0,  0,  0
1104,915: 255,255,255
1476,915:   0,  0,  0
1576,915: 255,255,255
1008,916:   0,  0,  0
1105,916: 255,255,255
1477,916:   0,  0,  0
1577,916: 255,255,255
1010,917:   0,  0,  0
1107,917: 255,255,255
1479,917:   0,  0,  0
1578,917: 255,255,255
1012,918:   0,  0,  0
1109,918: 255,255,255
1481,918:   0,  0,  0
1578,918: 255,255,255
1013,919:   0,  0,  0
1110,919: 255,255,255
1483,919:   0,  0,  0
1579,919: 255,255,255
1014,920:   0,  0,  0
1112,920: 255,255,255
1484,920:   0,  0,  0
1580,920: 255,255,255
1016,921:   0,  0,  0
1113,921: 255,255,255
1486,921:   0,  0,  0
1580,921: 255,255,255
1017,922:   0,  0,  0
1114,922: 255,255,255
1487,922:   0,  0,  0
1581,922: 255,255,255
1019,923:   0,  0,  0
1116,923: 255,255,255
1489,923:   0,  0,  0
1581,923: 255,255,255
1021,924:   0,  0,  0
1118,924: 255,255,255
1491,924:   0,  0,  0
1582,924: 255,255,255
1022,925:   0,  0,  0
1119,925: 255,255,255
1492,925:   0,  0,  0
1582,925: 255,255,255
1023,926:   0,  0,  0
1121,926: 255,255,255
1493,926:   0,  0,  0
1582,926: 255,255,255
1025,927:   0,  0,  0
1122,927: 255,255,255
1495,927:   0,  0,  0
1582,927: 255,255,255
1026,928:   0,  0,  0
1123,928: 255,255,255
1496,928:   0,  0,  0
1583,928: 255,255,255
1028,929:   0,  0,  0
1125,929: 255,255,255
1498,929:   0,  0,  0
1583,929: 255,255,255
1029,930:   0,  0,  0
1127,930: 255,255,255
1500,930:   0,  0,  0
1583,930: 255,255,255
1030,931:   0,  0,  0
1128,931: 255,255,255
1501,931:   0,  0,  0
1583,931: 255,255,255
1031,932:   0,  0,  0
1130,932: 255,255,255
1502,932:   0,  0,  0
1583,932: 255,255,255
1032,933:   0,  0,  0
1131,933: 255,255,255
1504,933:   0,  0,  0
1583,933: 255,255,255
1034,934:   0,  0,  0
1132,934: 255,255,255
1505,934:   0,  0,  0
1583,934: 255,255,255
1035,935:   0,  0,  0
1133,935: 255,255,255
1507,935:   0,  0,  0
1583,935: 255,255,255
1037,936:   0,  0,  0
1134,936: 255,255,255
1509,936:   0,  0,  0
1583,936: 255,255,255
1039,937:   0,  0,  0
1136,937: 255,255,255
1510,937:   0,  0,  0
1583,937: 255,255,255
1040,938:   0,  0,  0
1137,938: 255,255,255
1511,938:   0,  0,  0
1583,938: 255,255,255
1041,939:   0,  0,  0
1139,939: 255,255,255
1513,939:   0,  0,  0
1583,939: 255,255,255
1043,940:   0,  0,  0
1140,940: 255,255,255
1514,940:   0,  0,  0
1583,940: 255,255,255
1044,941:   0,  0,  0
1141,941: 255,255,255
1516,941:   0,  0,  0
1582,941: 255,255,255
1046,942:   0,  0,  0
1143,942: 255,255,255
1518,942:   0,  0,  0
1582,942: 255,255,255
1048,943:   0,  0,  0
1145,943: 255,255,255
1519,943:   0,  0,  0
1582,943: 255,255,255
1049,944:   0,  0,  0
1146,944: 255,255,255
1520,944:   0,  0,  0
1582,944: 255,255,255
1050,945:   0,  0,  0
1148,945: 255,255,255
1522,945:   0,  0,  0
1581,945: 255,255,255
1052,946:   0,  0,  0
1149,946: 255,255,255
1523,946:   0,  0,  0
1581,946: 255,255,255
1053,947:   0,  0,  0
1150,947: 255,255,255
1525,947:   0,  0,  0
1580,947: 255,255,255
1055,948:   0,  0,  0
1152,948: 255,255,255
1527,948:   0,  0,  0
1580,948: 255,255,255
1057,949:   0,  0,  0
1154,949: 255,255,255
1528,949:   0,  0,  0
1579,949: 255,255,255
1058,950:   0,  0,  0
1155,950: 255,255,255
1529,950:   0,  0,  0
1578,950: 255,255,255
1059,951:   0,  0,  0
1157,951: 255,255,255
1531,951:   0,  0,  0
1578,951: 255,255,255
1061,952:   0,  0,  0
1158,952: 255,255,255
1532,952:   0,  0,  0
1577,952: 255,255,255
1062,953:   0,  0,  0
1159,953: 255,255,255
1534,953:   0,  0,  0
1576,953: 255,255,255
1064,954:   0,  0,  0
1161,954: 255,255,255
1536,954:   0,  0,  0
1575,954: 255,255,255
1065,955:   0,  0,  0
1163,955: 255,255,255
1537,955:   0,  0,  0
1574,955: 255,255,255
1066,956:   0,  0,  0
1164,956: 255,255,255
1538,956:   0,  0,  0
1573,956: 255,255,255
1067,957:   0,  0,  0
1166,957: 255,255,255
1540,957:   0,  0,  0
1571,957: 255,255,255
1068,958:   0,  0,  0
1167,958: 255,255,255
1541,958:   0,  0,  0
1570,958: 255,255,255
1070,959:   0,  0,  0
1168,959: 255,255,255
1543,959:   0,  0,  0
1568,959: 255,255,255
1071,960:   0,  0,  0
1169,960: 255,255,255
1545,960:   0,  0,  0
1566,960: 255,255,255
1073,961:   0,  0,  0
1170,961: 255,255,255
1549,961:   0,  0,  0
1562,961: 255,255,255
1075,962:   0,  0,  0
1172,962: 255,255,255
1076,963:   0,  0,  0
1173,963: 255,255,255
1077,964:   0,  0,  0
1175,964: 255,255,255
1079,965:   0,  0,  0
1176,965: 255,255,255
1080,966:   0,  0,  0
1177,966: 255,255,255
1082,967:   0,  0,  0
1179,967: 255,255,255
1084,968:   0,  0,  0
1181,968: 255,255,255
1085,969:   0,  0,  0
1182,969: 255,255,255
1086,970:   0,  0,  0
1184,970: 255,255,255
1088,971:   0,  0,  0
1185,971: 255,255,255
1089,972:   0,  0,  0
1187,972: 255,255,255
1091,973:   0,  0,  0
1189,973: 255,255,255
1093,974:   0,  0,  0
1191,974: 255,255,255
1094,975:   0,  0,  0
1192,975: 255,255,255
1095,976:   0,  0,  0
1194,976: 255,255,255
1097,977:   0,  0,  0
1195,977: 255,255,255
1098,978:   0,  0,  0
1196,978: 255,255,255
1100,979:   0,  0,  0
1198,979: 255,255,255
1101,980:   0,  0,  0
1200,980: 255,255,255
1102,981:   0,  0,  0
1201,981: 255,255,255
1103,982:   0,  0,  0
1203,982: 255,255,255
1104,983:   0,  0,  0
1204,983: 255,255,255
1106,984:   0,  0,  0
1205,984: 255,255,255
1107,985:   0,  0,  0
1206,985: 255,255,255
1109,986:   0,  0,  0
1207,986: 255,255,255
1111,987:   0,  0,  0
1209,987: 255,255,255
1112,988:   0,  0,  0
1210,988: 255,255,255
1113,989:   0,  0,  0
1212,989: 255,255,255
1115,990:   0,  0,  0
1213,990: 255,255,255
1116,991:   0,  0,  0
1214,991: 255,255,255
1118,992:   0,  0,  0
1216,992: 255,255,255
1120,993:   0,  0,  0
1218,993: 255,255,255
1121,994:   0,  0,  0
1219,994: 255,255,255
1122,995:   0,  0,  0
1221,995: 255,255,255
1124,996:   0,  0,  0
1222,996: 255,255,255
1125,997:   0,  0,  0
1223,997: 255,255,255
1127,998:   0,  0,  0
1225,998: 255,255,255
1129,999:   0,  0,  0
1227,999: 255,255,255
1130,1000:   0,  0,  0
1228,1000: 255,255,255
1131,1001:   0,  0,  0
1230,1001: 255,255,255
1133,1002:   0,  0,  0
1231,1002: 255,255,255
1134,1003:   0,  0,  0
1232,1003: 255,255,255
1136,1004:   0,  0,  0
1234,1004: 255,255,255
1137,1005:   0,  0,  0
1236,1005: 255,255,255
1138,1006:   0,  0,  0
1237,1006: 255,255,255
1139,1007:   0,  0,  0
1239,1007: 255,255,255
1140,1008:   0,  0,  0
1240,1008: 255,255,255
1142,1009:   0,  0,  0
1241,1009: 255,255,255
1143,1010:   0,  0,  0
1242,1010: 255,255,255
1145,1011:   0,  0,  0
1243,1011: 255,255,255
1147,1012:   0,  0,  0
1245,1012: 255,255,255
1148,1013:   0,  0,  0
1246,1013: 255,255,255
1149,1014:   0,  0,  0
1248,1014: 255,255,255
1151,1015:   0,  0,  0
1249,1015: 255,255,255
1152,1016:   0,  0,  0
1250,1016: 255,255,255
1154,1017:   0,  0,  0
1252,1017: 255,255,255
1156,1018:   0,  0,  0
1254,1018: 255,255,255
1158,1019:   0,  0,  0
1255,1019: 255,255,255
1159,1020:   0,  0,  0
1257,1020: 255,255,255
1161,1021:   0,  0,  0
1258,1021: 255,255,255
1162,1022:   0,  0,  0
1259,1022: 255,255,255
1164,1023:   0,  0,  0
1261,1023: 255,255,255
1166,1024:   0,  0,  0
1263,1024: 255,255,255
1167,1025:   0,  0,  0
1264,1025: 255,255,255
1168,1026:   0,  0,  0
1266,1026: 255,255,255
1170,1027:   0,  0,  0
1267,1027: 255,255,255
1171,1028:   0,  0,  0
1268,1028: 255,255,255
1173,1029:   0,  0,  0
1270,1029: 255,255,255
1174,1030:   0,  0,  0
1272,1030: 255,255,255
1175,1031:   0,  0,  0
1273,1031: 255,255,255
1176,1032:   0,  0,  0
1275,1032: 255,255,255
1177,1033:   0,  0,  0
1276,1033: 255,255,255
1179,1034:   0,  0,  0
1277,1034: 255,255,255
1180,1035:   0,  0,  0
1278,1035: 255,255,255
1182,1036:   0,  0,  0
1279,1036: 255,255,255
1184,1037:   0,  0,  0
1281,1037: 255,255,255
1185,1038:   0,  0,  0
1282,1038: 255,255,255
1186,1039:   0,  0,  0
1284,1039: 255,255,255
1188,1040:   0,  0,  0
1285,1040: 255,255,255
1189,1041:   0,  0,  0
1286,1041: 255,255,255
1191,1042:   0,  0,  0
1288,1042: 255,255,255
1193,1043:   0,  0,  0
1290,1043: 255,255,255
1194,1044:   0,  0,  0
1291,1044: 255,255,255
1195,1045:   0,  0,  0
1293,1045: 255,255,255
1197,1046:   0,  0,  0
1294,1046: 255,255,255
1198,1047:   0,  0,  0
1295,1047: 255,255,255
1200,1048:   0,  0,  0
1297,1048: 255,255,255
1202,1049:   0,  0,  0
1299,1049: 255,255,255
1203,1050:   0,  0,  0
1300,1050: 255,255,255
1204,1051:   0,  0,  0
1302,1051: 255,255,255
1206,1052:   0,  0,  0
1303,1052: 255,255,255
1207,1053:   0,  0,  0
1304,1053: 255,255,255
1209,1054:   0,  0,  0
1306,1054: 255,255,255
1210,1055:   0,  0,  0
1308,1055: 255,255,255
1211,1056:   0,  0,  0
1309,1056: 255,255,255
1212,1057:   0,  0,  0
1311,1057: 255,255,255
1213,1058:   0,  0,  0
1312,1058: 255,255,255
1215,1059:   0,  0,  0
1313,1059: 255,255,255
1216,1060:   0,  0,  0
1314,1060: 255,255,255
1218,1061:   0,  0,  0
1315,1061: 255,255,255
1220,1062:   0,  0,  0
1317,1062: 255,255,255
1221,1063:   0,  0,  0
1318,1063: 255,255,255
1222,1064:   0,  0,  0
1320,1064: 255,255,255
1224,1065:   0,  0,  0
1321,1065: 255,255,255
1225,1066:   0,  0,  0
1322,1066: 255,255,255
1227,1067:   0,  0,  0
1324,1067: 255,255,255
1229,1068:   0,  0,  0
1326,1068: 255,255,255
1230,1069:   0,  0,  0
1327,1069: 255,255,255
1231,1070:   0,  0,  0
1329,1070: 255,255,255
1233,1071:   0,  0,  0
1330,1071: 255,255,255
1234,1072:   0,  0,  0
1331,1072: 255,255,255
1236,1073:   0,  0,  0
1333,1073: 255,255,255
1238,1074:   0,  0,  0
1335,1074: 255,255,255
1239,1075:   0,  0,  0
1336,1075: 255,255,255
1240,1076:   0,  0,  0
1338,1076: 255,255,255
1242,1077:   0,  0,  0
1339,1077: 255,255,255
1243,1078:   0,  0,  0
1340,1078: 255,255,255
1245,1079:   0,  0,  0
1341,1079: 255,255,255
1246,1080:   0,  0,  0
1342,1080: 255,255,255
1247,1081:   0,  0,  0
1344,1081: 255,255,255
1248,1082:   0,  0,  0
1345,1082: 255,255,255
1249,1083:   0,  0,  0
1347,1083: 255,255,255
1251,1084:   0,  0,  0
1348,1084: 255,255,255
1252,1085:   0,  0,  0
1349,1085: 255,255,255
1254,1086:   0,  0,  0
1351,1086: 255,255,255
1256,1087:   0,  0,  0
1353,1087: 255,255,255
1257,1088:   0,  0,  0
1354,1088: 255,255,255
1258,1089:   0,  0,  0
1356,1089: 255,255,255
1260,1090:   0,  0,  0
1357,1090: 255,255,255
1261,1091:   0,  0,  0
1358,1091: 255,255,255
1263,1092:   0,  0,  0
1360,1092: 255,255,255
1265,1093:   0,  0,  0
1362,1093: 255,255,255
1266,1094:   0,  0,  0
1363,1094: 255,255,255
1267,1095:   0,  0,  0
1365,1095: 255,255,255
1269,1096:   0,  0,  0
1366,1096: 255,255,255
1270,1097:   0,  0,  0
1367,1097: 255,255,255
1272,1098:   0,  0,  0
1369,1098: 255,255,255
1274,1099:   0,  0,  0
1371,1099: 255,255,255
1275,1100:   0,  0,  0
1372,1100: 255,255,255
1276,1101:   0,  0,  0
1374,1101: 255,255,255
1278,1102:   0,  0,  0
1375,1102: 255,255,255
1279,1103:   0,  0,  0
1376,1103: 255,255,255
1281,1104:   0,  0,  0
1377,1104: 255,255,255
1282,1105:   0,  0,  0
1379,1105: 255,255,255
1283,1106:   0,  0,  0
1381,1106: 255,255,255
1284,1107:   0,  0,  0
1382,1107: 255,255,255
1285,1108:   0,  0,  0
1384,1108: 255,255,255
1287,1109:   0,  0,  0
1385,1109: 255,255,255
1288,1110:   0,  0,  0
1386,1110: 255,255,255
1290,1111:   0,  0,  0
1388,1111: 255,255,255
1292,1112:   0,  0,  0
1390,1112: 255,255,255
1293,1113:   0,  0,  0
1391,1113: 255,255,255
1294,1114:   0,  0,  0
1393,1114: 255,255,255
1296,1115:   0,  0,  0
1394,1115: 255,255,255
1297,1116:   0,  0,  0
1395,1116: 255,255,255
1299,1117:   0,  0,  0
1397,1117: 255,255,255
1301,1118:   0,  0,  0
1399,1118: 255,255,255
1302,1119:   0,  0,  0
1400,1119: 255,255,255
1303,1120:   0,  0,  0
1402,1120: 255,255,255
1305,1121:   0,  0,  0
1403,1121: 255,255,255
1306,1122:   0,  0,  0
1404,1122: 255,255,255
1308,1123:   0,  0,  0
1406,1123: 255,255,255
1309,1124:   0,  0,  0
1408,1124: 255,255,255
1310,1125:   0,  0,  0
1409,1125: 255,255,255
1311,1126:   0,  0,  0
1411,1126: 255,255,255
1312,1127:   0,  0,  0
1412,1127: 255,255,255
1314,1128:   0,  0,  0
1413,1128: 255,255,255
1315,1129:   0,  0,  0
1414,1129: 255,255,255
1317,1130:   0,  0,  0
1415,1130: 255,255,255
1319,1131:   0,  0,  0
1417,1131: 255,255,255
1320,1132:   0,  0,  0
1418,1132: 255,255,255
1321,1133:   0,  0,  0
1420,1133: 255,255,255
1323,1134:   0,  0,  0
1421,1134: 255,255,255
1324,1135:   0,  0,  0
1422,1135: 255,255,255
1326,1136:   0,  0,  0
1424,1136: 255,255,255
1328,1137:   0,  0,  0
1426,1137: 255,255,255
1329,1138:   0,  0,  0
1427,1138: 255,255,255
1330,1139:   0,  0,  0
1429,1139: 255,255,255
1332,1140:   0,  0,  0
1430,1140: 255,255,255
1333,1141:   0,  0,  0
1431,1141: 255,255,255
1335,1142:   0,  0,  0
1433,1142: 255,255,255
1337,1143:   0,  0,  0
1435,1143: 255,255,255
1338,1144:   0,  0,  0
1436,1144: 255,255,255
1339,1145:   0,  0,  0
1438,1145: 255,255,255
1341,1146:   0,  0,  0
1439,1146: 255,255,255
1342,1147:   0,  0,  0
1440,1147: 255,255,255
1344,1148:   0,  0,  0
1441,1148: 255,255,255
1346,1149:   0,  0,  0
1442,1149: 255,255,255
1347,1150:   0,  0,  0
1443,1150: 255,255,255
1348,1151:   0,  0,  0
1443,1151: 255,255,255
1349,1152:   0,  0,  0
1444,1152: 255,255,255
1351,1153:   0,  0,  0
1445,1153: 255,255,255
1352,1154:   0,  0,  0
1445,1154: 255,255,255
1354,1155:   0,  0,  0
1446,1155: 255,255,255
1356,1156:   0,  0,  0
1446,1156: 255,255,255
1357,1157:   0,  0,  0
1447,1157: 255,255,255
1358,1158:   0,  0,  0
1447,1158: 255,255,255
1360,1159:   0,  0,  0
1447,1159: 255,255,255
1361,1160:   0,  0,  0
1447,1160: 255,255,255
1363,1161:   0,  0,  0
1448,1161: 255,255,255
1365,1162:   0,  0,  0
1448,1162: 255,255,255
1366,1163:   0,  0,  0
1448,1163: 255,255,255
1367,1164:   0,  0,  0
1448,1164: 255,255,255
1369,1165:   0,  0,  0
1448,1165: 255,255,255
1370,1166:   0,  0,  0
1448,1166: 255,255,255
1372,1167:   0,  0,  0
1448,1167: 255,255,255
1374,1168:   0,  0,  0
1448,1168: 255,255,255
1375,1169:   0,  0,  0
1448,1169: 255,255,255
1376,1170:   0,  0,  0
1448,1170: 255,255,255
1378,1171:   0,  0,  0
1448,1171: 255,255,255
1379,1172:   0,  0,  0
1448,1172: 255,255,255
1381,1173:   0,  0,  0
1448,1173: 255,255,255
1382,1174:   0,  0,  0
1447,1174: 255,255,255
1383,1175:   0,  0,  0
1447,1175: 255,255,255
1384,1176:   0,  0,  0
1447,1176: 255,255,255
1385,1177:   0,  0,  0
1447,1177: 255,255,255
1387,1178:   0,  0,  0
1446,1178: 255,255,255
1388,1179:   0,  0,  0
1446,1179: 255,255,255
1390,1180:   0,  0,  0
1445,1180: 255,255,255
1392,1181:   0,  0,  0
1445,1181: 255,255,255
1393,1182:   0,  0,  0
1444,1182: 255,255,255
1394,1183:   0,  0,  0
1443,1183: 255,255,255
1396,1184:   0,  0,  0
1443,1184: 255,255,255
1397,1185:   0,  0,  0
1442,1185: 255,255,255
1399,1186:   0,  0,  0
1441,1186: 255,255,255
1401,1187:   0,  0,  0
1440,1187: 255,255,255
1402,1188:   0,  0,  0
1439,1188: 255,255,255
1403,1189:   0,  0,  0
1438,1189: 255,255,255
1405,1190:   0,  0,  0
1436,1190: 255,255,255
1406,1191:   0,  0,  0
1435,1191: 255,255,255
1408,1192:   0,  0,  0
1433,1192: 255,255,255
1410,1193:   0,  0,  0
1431,1193: 255,255,255
1414,1194:   0,  0,  0
1427,1194: 255,255,255
1599,1199: 255,255,255
